2001    6.10    6.50    13.50   0.80    0.40    6.10    1.20    7.50    40.10   3.20    102.20  21.30   15.60   105.40  8.50    0.60
2002    5.20    4.00    11.20   1.20    0.30    8.90    1.40    15.80   40.30   2.40    77.60   13.50   10.30   104.50  6.00    0.60
2003    4.70    3.20    12.30   1.20    0.30    9.10    1.40    17.00   47.50   3.20    82.70   15.70   11.40   104.10  6.20    0.60
2004    6.20    7.00    15.30   1.20    0.30    9.40    1.50    14.50   47.70   6.90    52.50   15.40   9.10    105.10  7.80    0.60
2005    9.30    8.50    43.50   1.50    0.40    9.60    1.60    14.70   47.90   6.20    62.60   20.40   -2.50   107.80  11.20   0.60
2006    7.50    6.60    18.90   0.90    0.40    9.10    1.00    15.00   49.70   5.40    71.10   18.90   6.50    106.90  5.70    0.60
2007    8.30    6.90    20.80   0.90    0.40    9.50    1.10    15.50   52.20   5.50    72.20   29.50   6.80    107.20  5.80    1.20
2008    6.00    5.20    22.10   1.20    0.40    10.50   1.30    16.50   55.40   3.80    72.20   29.70   6.30    105.20  5.80    1.30
2009    5.80    4.70    22.50   1.20    0.60    11.20   1.30    16.80   44.20   3.70    84.50   32.10   5.30    104.90  5.80    2.00
2010    5.90    4.70    23.20   1.20    0.60    11.40   1.30    17.00   48.00   3.90    85.00   32.50   5.40    105.10  6.00    2.10
2011    5.50    4.20    21.00   1.20    0.60    10.50   1.20    14.50   45.00   3.80    85.00   30.20   6.00    104.50  4.20    4.50
2012    5.60    4.80    21.20   1.20    0.60    7.00    1.30    14.70   44.40   3.70    89.70   34.30   6.30    104.90  2.40    4.50
2013    5.00    3.50    15.50   1.20    1.20    5.80    2.50    14.50   35.00   4.00    87.50   36.50   5.80    103.50  3.50    4.30
2014    4.50    3.00    15.00   1.20    1.00    5.80    2.50    15.00   35.00   3.50    85.00   35.00   1.50    103.00  3.50    4.00
2015    4.20    2.50    14.50   1.60    1.00    5.60    2.50    14.90   35.00   3.20    83.40   34.80   1.20    102.80  3.50    4.00
2016    4.10    2.40    13.00   1.10    1.00    6.60    2.50    10.80   35.00   3.40    81.20   31.90   1.40    102.80  3.50    4.00