0.28940415	0.477153726	0.329782104	0.494441304	0.60711624	0.40907693	1	1	1	1	1	1	0.835110425	0.013605442	0	0	0.999999996
0.131312348	0.357419265	0.486022422	0.445293116	0.620856623	0.382474223	1	1	1	1	1	0.957446809	0.560294478	0.027210884	0	0	0.999999996
0.148414985	0.511945327	0.342442587	0.516552063	0.559541992	0.300286072	0.977272727	1	1	1	1	1	0.901066252	0.156462585	0	0	0.999999996
0.089960156	0.53412539	0.352032235	0.636048091	0.625342233	0.386723793	1	1	1	1	1	1	0.550291183	0.003401361	0.115384615	0	0.75
0.288145666	0.394730275	0.857487131	0.543825618	0.583214342	0.277062645	1	1	1	1	1	1	0.368991749	0	0.012820513	0	0.75
0.293402921	0.59145459	0.427421312	0.518657251	0.566515048	0.460583183	0.977272727	1	1	1	1	0.936170213	0.615257668	0	0.200854701	0	0.75
0.581573382	0.28307275	0.487653391	0.549452494	0.552352145	0.408320776	0.977272727	1	1	1	0.965517241	0.829787234	0.363647758	0	0.243589744	0	0.75
0.199376887	0.389517197	0.376718468	0.607280505	0.690628468	0.784845581	1	1	1	1	1	1	0.505331289	0.013605442	0	0	0.999999996
0.334420064	0.472570701	0.457246703	0.460743681	0.638933684	0.910954781	1	1	1	1	0.965517241	0.978723404	0.999999998	0.037414966	0	0	1
0.134672296	0.718062342	0.484149821	0.437560508	0.596759969	0.514274461	0.75	1	1	1	0.689655172	0.659574468	0.999999993	0.139455782	0.034188034	0	0.75
0.274157278	0.310802825	0.360737709	0.475145839	0.571384953	0.418682948	0.977272727	1	1	1	0.965517241	0.978723404	0.663431451	0	0.05982906	0	0.75
0.310052544	0.712766234	0.330152341	0.421049207	0.571793269	0.352845449	0.5	1	1	1	1	0.021276596	0.999999998	0.646258503	0.123931624	0.2	0.999999996
0.19841461	0.332726195	0.344678805	0.443170271	0.582978829	0.13546934	1	0.5	1	1	1	1	0.890073614	0.006802721	0.025641026	0	0.999999996
0.034982452	0.800585917	0.667989448	0.440689288	0.611612666	0.429901159	0.863636364	1	1	1	0.965517241	0.425531915	0.999999998	0.319727891	0.188034188	0	0.999999996
0.184240313	0.448351341	0.430607493	0.444992591	0.618892957	0.470193474	1	1	0.833333333	1	1	1	0.999999993	0.003401361	0.123931624	0	0.75
0.080670452	0.516153688	0.352889564	0.413178991	0.584981337	0.327511257	0.977272727	1	1	1	1	0.893617021	0.999999993	0.142857143	0.05982906	0	0.75
0.083555132	0.668262252	0.318301853	0.40086649	0.645162375	0.371537594	1	1	1	1	1	1	0.285478531	0.017006803	0.068376068	0	0.999999996
0.017039653	0.684968195	0.390743117	0.910207254	0.572235169	0.299342787	0.954545455	1	1	1	1	0.957446809	0.603165766	0.013605442	0.017094017	0	0.999999996
0.220252664	0.503535367	0.59894423	0.452965904	0.490559337	0.311009254	1	1	1	1	0.931034483	1	0.999890075	0	0.055555556	0	0.999999996
0.19841461	0.453693332	0.325397642	0.433902551	0.583019802	0.132677736	1	0.5	1	1	0.965517241	1	0.692206132	0	0.012820513	0	0.999999996
0.010801531	0.556549355	0.340712302	0.452685038	0.429107221	0.164177652	1	1	1	1	1	1	0.406397548	0.057823129	0.115384615	0	0.900000001
0.065103961	0.608015849	0.837482559	0.432929851	0.588224383	0.351578318	1	1	1	1	1	1	0.999999998	0	0	0	0.999999996
0.097684392	0.487960468	0.293067864	0.464640254	0.582532968	0.295341569	1	1	1	1	0.862068966	0.978723404	0.679014967	0	0.025641026	0	0.999999996
0.074018179	0.595056753	0.310811506	0.444590374	0.561031467	0.331642629	0.568181818	1	1	1	1	0.595744681	0.483346013	0.040816327	0.017094017	0	0.999999996
0.129849445	0.378226565	0.32897117	0.420861971	0.544104874	0.300553321	0.977272727	1	1	1	0.965517241	1	0.58755622	0.051020408	0.247863248	0	1
0.08778888	0.999999991	0.599765243	0.450628577	0.559212911	0.289050279	1	1	1	1	0.965517241	0.680851064	0.18046075	0.119047619	0.367521368	0	0.75
0.19841461	0.400639853	0.239037838	0.550809356	0.688215179	0.120026356	1	1	1	1	1	1	0.652898774	0.030612245	0	0	0.999999996
0.077664782	0.581658019	0.617686895	0.433592521	0.587976669	0.321527238	0.227272727	1	1	1	1	0.361702128	0.999999993	0.700680272	0.055555556	0	0.75
0.14510951	0.381970463	0.39451662	0.37815645	0.700781174	0.550840154	0.954545455	1	1	1	0.931034483	0.978723404	0.247947351	0.040816327	0.064102564	0	0.75
0.088019667	0.494540021	0.286249267	0.432692726	0.554759293	0.30866638	0.977272727	1	1	1	1	1	0.340443681	0.146258503	0.025641026	0	0.75
0.155611141	0.379364403	0.438574035	0.451705352	0.618204447	0.39404327	1	1	1	1	1	0.978723404	0.489831669	0.074829932	0	0	0.999999996
0.400161235	0.599145523	0.769663223	0.449645093	0.573449478	0.560004461	1	1	1	1	0.620689655	0.872340426	0.340441721	0.013605442	0	0	0.999999996
0.089362046	0.413277457	0.508878475	0.430285019	0.624392217	0.382105195	1	1	1	1	1	1	0.477849694	0.153061224	0	0	0.999999996
0.115269802	0.865004487	0.999999992	0.440283104	0.619745426	0.703659757	0.909090909	1	1	1	0.931034483	0.574468085	0.999999998	0.105442177	0	0	0.999999996
0.119245169	0.853444413	0.411922376	0.441529677	0.642354218	0.390802038	1	1	1	1	1	0.617021277	0.486973584	0.023809524	0.098290598	0	0.75
0.980056137	0.334620218	0.378458227	0.340533108	0.573011088	0.542717038	1	1	1	1	1	1	0.602566833	0	0.02991453	0	0.75
0.125898611	0.332726195	0.38215335	0.430852875	0.069643869	0.28937264	1	1	1	1	1	1	0.219852103	0	0.042735043	0	0.999999996
0.090723991	0.866669994	0.364129965	0.42714119	0.577398148	0.352034262	0.568181818	1	1	1	0.586206897	1	0.799274425	0.051020408	0	0	0.75
0.152842533	0.704336219	0.522314318	0.438513623	0.671836383	0.436473048	0.977272727	1	1	1	1	1	0.383532861	0.612244898	0.004273504	0	0.75
0.590765626	0.334558351	0.951062562	0.460966449	0.917790404	0.360675046	0.886363636	1	1	1	0.793103448	0.808510638	0.595048571	0	0.081196581	0	0.75
0.013404749	0.999999991	0.289911375	0.699838624	0.552339676	0.350182327	0.909090909	1	1	1	1	0.893617021	0.768599184	0	0.098290598	0	0.250000006
0.034908882	0.608993254	0.999999992	0.724509421	0.604694306	0.313116568	1	1	1	1	1	0.978723404	0.999999993	0.085034014	0.047008547	0	0.999999996
0.267078998	0.714567748	0.999999992	0.443268855	0.699519	0.413318604	1	1	1	0.85	0.793103448	0.914893617	0.463275025	0.027210884	0.747863248	0	0.949999997
0.335061141	0.581074639	0.687284002	0.46551094	0.584777244	0.473957585	0.659090909	1	0.833333333	1	0.965517241	0.936170213	0.247947351	0.091836735	0.021367521	0	0.75
0.950247446	0.418421587	0.31162012	0.257976401	0.530615978	0.368186803	0.977272727	1	0.833333333	1	0.965517241	0.978723404	0.564361754	0	0.085470085	0	0.75
0.031862924	0.475480154	0.521120893	0.430852875	0.301137501	0.216001331	1	1	1	1	1	0.978723404	0.835110425	0	0	0	0.500000003
0.116691198	0.603129206	0.428548008	0.449495334	0.609369699	0.391048694	0.840909091	1	1	1	0.689655172	0.978723404	0.884299586	0.023809524	0.341880342	0	0.75
0.129560375	0.458941611	0.322974305	0.447762151	0.566548838	0.329423129	1	1	1	1	1	0.978723404	0.560294484	0.023809524	0.047008547	0	0.75
0.530005643	1	0.33747851	0.246287607	0.559903872	0.442167526	0.931818182	1	1	1	0.965517241	1	0.297781569	0	0.128205128	0	0.75
0.101963198	0.933984772	0.278256027	0.521527009	0.576965627	0.335607129	1	1	1	1	1	1	0.68802893	0.414965986	0	0	0.999999996
0.36195356	0.523277738	0.410928503	0.439756651	0.572616964	0.500184832	0.909090909	0	0.833333333	1	0.75862069	1	0.536037942	0.057823129	0.021367521	0	0.999999996
0.19841461	0.332726195	0.345835763	0.430852875	0.583214342	0.378765073	1	1	1	1	1	0.957446809	0.441090725	0.017006803	0	0	0.999999996
0.158547461	0.482818739	0.376492396	0.507787578	0.686114662	0.270346279	1	1	1	1	0.931034483	0.914893617	0.595048573	0	0.123931624	0.2	0.050847457
0.10136614	0.341324123	0.451586696	0.444153844	0.593719917	0.367052389	1	1	1	1	1	1	0.822688746	0	0.106837607	0	0.999999996
0.151378609	0.264924509	0.411358113	0.984797581	0.592003849	0.486552162	1	1	1	1	1	1	0.170027367	0.010204082	0.025641026	0	0.75
0.086285668	0.600872459	0.471047245	0.433710008	0.63123506	0.374603493	0.704545455	1	1	1	0.896551724	0.893617021	0.710748977	0.170068027	0.145299145	0	0.924999998
0.262419875	0.419556328	0.378133857	0.453671553	0.572044629	0.49245838	0.977272727	1	1	1	0.965517241	0.893617021	0.826449383	0	0	0	0.75
0.206651814	0.397191897	0.318305083	0.467557122	0.61884298	0.509261082	1	1	1	1	1	0.978723404	0.535887842	0	0.064102564	0	0.999999996
0.292933843	0.344663526	0.335685044	0.455853934	0.558828862	0.535596191	1	0.5	1	1	0.965517241	1	0.999890066	0	0.025641026	0	0.999999996
0.205606299	0.531037064	0.397446336	0.408962164	0.668880668	0.439669505	1	1	1	1	1	0.978723404	0.670220857	0.06462585	0	0	0.75
0.18090856	0.526199728	0.360644124	0.450713776	0.568412132	0.405229603	0.818181818	1	1	1	0.965517241	0.957446809	0.999999998	0.323129252	0.183760684	0	0.999999996
0.432171457	0.316562038	0.46905149	0.440873756	0.566928164	0.578899479	1	1	1	1	1	1	0.536037942	0	0	0	0.999999996
0.175060053	0.450214499	0.326453916	0.430450878	0.643250504	0.350805216	1	1	1	1	1	0.978723404	0.312713308	0	0.034188034	0	0.75
0.178878526	0.673401582	0.499591269	0.437195746	0.602252495	0.406213562	0.977272727	1	0.833333333	1	0.965517241	0.914893617	0.595048573	0.051020408	0.034188034	0.2	0.750000001
0.067213809	0.525641394	0.41134788	0.479803048	0.562415531	0.322379898	0.636363636	0.5	1	1	0.275862069	0.765957447	0.94214979	0.074829932	0.081196581	0	0.75
0.118859825	0.730526559	0.439662069	0.43900077	0.604099823	0.378765073	0.977272727	1	1	0.95	0.896551724	0.978723404	0.999999993	0.12244898	0.042735043	0	0.999999996
0.152657296	0.330283175	0.359419848	0.445104406	0.598186378	0.366761407	0.977272727	1	0.833333333	1	0.931034483	0.936170213	0.571287116	0.085034014	0	0	0.75
0.19811664	0.734864812	0.363450474	0.472928369	0.670903677	0.395086721	1	1	0.833333333	1	1	0.893617021	0.999999993	0.258503401	0.111111111	0	0.899999998
0.245027946	0.316421941	0.454475212	0.416210576	0.592973011	0.439911394	1	1	1	1	1	0.957446809	0.305797555	0.003401361	0.081196581	0	0.75
0.234452992	0.193298458	0.352698239	0.459823954	0.609359269	0.358573994	0.977272727	1	0.833333333	1	0.931034483	1	0.537198368	0.054421769	0.055555556	0.4	0.75
0.20720824	0.31727929	0.325703153	0.494934099	0.569947481	0.377448801	0.954545455	1	1	1	0.931034483	1	0.999999998	0.006802721	0.243589744	0	0.999999996
0.027132906	0.779093161	0.600824033	0.474111475	0.723527792	0.415344051	0.863636364	0.5	1	1	0.862068966	0.936170213	0.439917517	0.06462585	0.170940171	0	0.75
0.213139595	0.533075262	0.551018545	0.503511173	0.590347746	0.354814637	1	1	0.666666667	1	1	1	0.560294478	0.010204082	0.222222222	0	0.75
0.193655234	0.460824533	0.36395411	0.434023628	0.627312839	0.386044395	0.840909091	1	0.833333333	1	0.965517241	0.893617021	0.536037942	0.142857143	0.017094017	1	0.999999996
0.185550478	0.881814801	0.359762691	0.686468205	0.595595443	0.425117193	1	1	1	1	1	1	0.536037942	0	0	0	0.999999996
0.385767632	0.387829348	0.358662459	0.406364403	0.562731269	0.435335436	1	1	0.833333333	1	1	1	0.54050773	0	0.14957265	0	0.75
0.644314624	0.433487109	0.873682091	0.457715706	0.538796361	0.189733322	0.954545455	1	1	1	0.931034483	1	0.999999998	0.153061224	0	0	0.999999996
0.095739579	0.515985394	0.295442629	0.417243606	0.564579984	0.314345599	0.886363636	1	1	1	0.793103448	0.829787234	0.94214979	0.078231293	0.235042735	0	0.75
0.194616552	0.694183354	0.392160004	0.455138702	0.584415332	0.439497741	0.977272727	1	0.833333333	1	0.931034483	1	0.999999998	0	0.05982906	0	1
0.225039044	0.344975297	0.318028774	0.439325817	0.620351307	0.39522432	1	1	1	1	0.896551724	1	0.974387146	0.010204082	0	0	0.999999996
0.041036056	0.722551953	0.328003845	0.452733605	0.623380733	0.360968719	1	1	1	1	1	0.936170213	0.780147235	0.013605442	0.08974359	0	1
0.109479114	0.513753413	0.471515697	0.350032251	0.6061547	0.362745439	0.977272727	1	1	1	0.965517241	1	0.999999998	0.020408163	0.277777778	0	0.999999996
0.114695147	0.462294703	0.364335311	0.44726301	0.561353821	0.351968015	1	1	1	1	1	0.978723404	0.346817451	0.040816327	0.004273504	0	0.75
0.261376179	0.576568741	0.287038133	0.421633975	0.516202295	0.334692536	1	1	1	1	1	0.914893617	0.500384602	0.027210884	0.05982906	0	0.75
0.168728503	0.711610347	0.535269963	0.438014675	0.602738073	0.409364082	1	1	1	1	1	1	0.999999993	0.044217687	0.188034188	0	0.75
0.194109598	0.524507047	0.795887746	0.432857153	0.740737253	0.536686306	0.909090909	1	1	1	0.931034483	1	0.637976389	0.017006803	0.269230769	0	0.75
0.466052773	0.588925957	0.352426732	0.444209471	0.605907652	0.40683496	1	1	0.833333333	0.7	0.793103448	1	0.421497961	0.010204082	0.012820513	0.2	0.75
0.428181885	0.57845968	0.348562724	0.319487657	0.667163381	0.432808491	1	1	1	1	1	1	0.989007355	0	0.025641026	0	0.999999996
0.33002278	0.398214599	0.307240208	0.400470362	0.558122426	0.366061894	1	1	1	1	1	1	0.780147235	0.006802721	0.132478632	0	1
1	0.347144098	0.408960424	0.487835594	0.609480613	0.366432574	0.977272727	1	1	1	0.931034483	1	0.690841861	0.006802721	0.017094017	0	0.999999996
0.518265449	0.466352335	0.388961542	0.487393301	0.644526799	0.659919891	1	1	0.833333333	1	0.965517241	1	0.833461529	0.020408163	0	0	0.999999996
0.183860562	0.390328881	0.294984016	0.449624164	0.560209282	0.357251724	1	1	1	1	1	1	0.568538956	0.017006803	0	0	0.999999996
0.001128501	0.444982258	0.18161704	0.436221339	0.999999998	0.132217931	0.954545455	1	1	1	1	0.957446809	0.697262746	0.149659864	0.008547009	0	0.999999996
0.090453847	0.281081694	0.374770842	0.441234834	0.709311203	0.558731685	1	1	1	1	1	1	0.287116039	0	0.05982906	0	0.999999996
0.314598469	0.681593563	0.461929115	0.444087878	0.582344111	0.50262696	1	0.5	1	1	1	1	0.826449383	0.25170068	0	0	0.75
0.331843278	0.653052327	0.300198834	0.440195252	0.577776967	0.361128891	0.977272727	1	1	1	1	1	0.340441721	0.013605442	0.324786325	0	0.75
0.084991137	0.395021468	0.397784463	0.337457734	0.615762876	0.35914299	1	1	1	1	1	1	0.560294478	0.006802721	0.068376068	0	0.999999996
0.245057202	0.732228149	0.999999992	0.440357283	0.59243903	0.405584373	0.545454545	1	0.833333333	1	0.689655172	0.446808511	0.999999998	0.221088435	0.478632479	0	0.999999996
0.36041277	0.279296442	0.342236288	0.498823046	0.592991753	0.548849136	1	1	1	1	1	1	0.191126278	0.027210884	0	0	0.999999996
0.191619711	0.408838632	0.367756553	0.426841307	0.572641489	0.364326947	1	1	0.833333333	1	0.965517241	1	0.999999998	0.051020408	0.072649573	0	0.999999996
0.134466922	0.599069514	0.622384707	0.617223753	0.680225146	0.430132621	1	1	1	1	1	0.978723404	0.421497964	0.054421769	0.192307692	0	0.75
0.152957899	0.395656137	0.277805514	0.512451222	0.649405988	0.411910983	1	1	1	1	0.862068966	0.893617021	0.461360737	0.068027211	0	0	0.999999996
0.132663351	0.401617894	0.406389372	0.444067471	0.564988287	0.346956509	1	1	1	1	1	1	0.247947351	0	0	0	0.999999996
0.214116681	0.159848179	0.325761585	0.441394489	0.56250094	0.400799073	1	1	1	1	1	0.829787234	0.516323927	0.051020408	0	0	0.999999996
0.132494286	0.522970342	0.353081286	0.466895357	0.600165393	0.386162213	0.931818182	1	1	1	0.793103448	0.617021277	0.422497153	0.384353741	0.068376068	0	0.75
0.179003377	0.315694602	0.409996673	0.264929641	0.73981467	0.491278704	1	1	1	1	1	1	0.560294478	0.020408163	0.068376068	0	0.999999996
0.006701053	0.313325619	0.263593697	0.50879755	0.739943207	0.09424806	1	0.5	1	1	0.965517241	0.978723404	0.450368099	0	0.038461538	0	0.999999996
0.215478083	0.138095962	0.284804497	0.535584509	0.494253575	0.265972642	0.931818182	1	1	1	0.931034483	1	0.998900729	0.006802721	0.098290598	0	0.75
0.12298133	0.328961941	0.247346471	0.444699635	0.46131572	0.279779275	0.977272727	1	1	1	1	1	0.319555711	0.112244898	0	0	0.999999996
0.125918115	0.547441074	0.418980021	0.466467444	0.5973344	0.386565666	1	1	1	1	0.931034483	1	0.450368099	0.034013605	0	0	0.999999996
0.098893502	0.65543834	0.343188482	0.458184105	0.445651208	0.243167586	1	1	0.833333333	1	1	1	0.247947351	0.013605442	0.170940171	0	0.75
0.308002778	0.417175407	0.377016984	0.989704532	0.559033572	0.544185781	1	1	1	1	1	1	0	0.037414966	0.004273504	0	0.999999996
0.19841461	0.350194771	0.383818345	0.430852875	0.583214342	0.378765073	1	1	1	1	1	1	0.999999998	0	0.034188034	0	0.999999996
0.112815495	0.404639832	0.457271823	0.434806093	0.737736448	0.535134441	1	1	1	1	1	0.936170213	0.999999998	0.010204082	0.141025641	0	0.999999996
0.13314561	0.40197651	0.422885966	0.559200119	0.607864804	0.356886608	1	1	1	1	1	1	0.633615373	0	0.115384615	0	0.75
0.132026397	0.403288831	0.316673966	0.019211898	0.526888358	0.326255641	1	1	1	1	1	1	0.890073614	0.173469388	0.076923077	0	0.999999996
0.113550005	0.661058672	0.341673462	0.495501576	0.77206289	0.473178206	0.863636364	1	1	0.95	0.862068966	1	0.670220857	0.047619048	0.094017094	0	0.75
0.729739651	0.451372955	0.443953418	0.457807453	0.844299951	0.807440272	1	1	1	1	1	0.978723404	0.321094678	0	0.034188034	0	0.75
0.402575125	0.637369003	0.333337568	0.540131833	0.618677065	0.569716287	1	1	1	1	1	1	0.60426503	0.006802721	0.025641026	0	0.999999996
0.521189459	0.841928064	0.319299239	0.393102396	0.590852357	0.589889362	0.954545455	1	1	1	1	0.978723404	0.615257667	0.071428571	0.012820513	0	0.999999996
0.08118023	0.391889637	0.452510906	0.429752431	0.541490481	0.298654877	0.068181818	1	1	1	0.793103448	1	0.999999998	0.074829932	0.226495726	0	0.75
0.281865032	0.696247865	0.306325014	0.644200541	0.562845552	0.308460126	1	1	1	1	1	0.978723404	0.670220857	0.003401361	0	0	0.999999996
0.094512499	0.717275292	0.998400538	0.435881597	0.616795007	0.380302136	0.795454545	1	1	1	0.862068966	0.957446809	0.516851532	0.095238095	0.042735043	0	0.75
0.153198084	0.657366247	0.363559525	0.448531709	0.5672488	0.320637732	1	1	1	1	0.896551724	0.765957447	0.247004299	0.098639456	0.115384615	0	0.999999996
0.026424023	0.480002543	0.41158461	0.430852875	0.583339326	0.106479195	1	1	1	1	0.965517241	0.978723404	0.579091889	0.013605442	0.05982906	0	0.75
0.468258187	0.475111842	0.340250318	0.464997307	0.602280858	0.378765073	0.954545455	1	1	1	0.896551724	0.978723404	0.461360742	0.003401361	0.183760684	0	0.75
0.142473743	0.400488028	0.320456785	0.46237317	0.570161284	0.378765073	0.931818182	1	1	1	0.862068966	1	0.266922637	0.166666667	0	0	0.999999996
0.059419891	0.640621927	0.368880656	0.426342465	0.619623347	0.333186186	1	1	1	1	1	1	0.999999993	0.43877551	0.111111111	0	0.75
0.171512946	0.604333398	0.379764023	0.455676494	0.582367346	0.378765073	1	1	0.666666667	1	1	0.787234043	0.999999998	0.425170068	0	0	0.999999996
0.070319054	0.580000048	0.316348811	0.436815235	0.576494542	0.304189792	0.909090909	1	0.833333333	0.4	0.379310345	0.808510638	0.999999998	0.023809524	0.038461538	0	0.75
0.106171567	0.627792256	0.999999992	0.47693375	0.625691303	0.358474558	0.318181818	1	0.833333333	1	0.620689655	0.978723404	0.450368099	0.731292517	0.012820513	0	0.999999996
0.116487532	0.668453268	0.561101231	0.455516274	0.614550097	0.372389987	1	1	0.833333333	1	1	1	0.833791308	0.034013605	0.217948718	0	0.999999996
0.122747665	0.475189613	0.408912392	0.496860505	0.572151709	0.365038426	0.909090909	1	0.833333333	1	0.862068966	1	0.670220857	0.136054422	0.11965812	0.2	0.999999996
0.112994317	0.65180226	0.64235898	0.883487532	0.35448659	0.293190913	1	1	1	1	1	0.914893617	0.357650737	0.003401361	0.068376068	0	0.75
0.352024189	0.384672088	0.3226295	0.457520259	0.566819794	0.501090108	0.977272727	1	1	1	1	0.638297872	0.999999998	0.010204082	0.05982906	0	0.999999996
0.148689776	0.629668885	0.478989125	0.42920407	0.597676451	0.338891083	1	1	1	1	1	0.978723404	0.999999993	0.170068027	0.290598291	0	0.75
0.272527591	0.44226534	0.386113178	0.408948826	0.564167144	0.33598399	1	1	1	1	1	0.914893617	0.479348164	0.085034014	0.183760684	0	0.999999996
0.356790997	0.367547705	0.302696958	0.432275288	0.563152899	0.575469716	1	1	1	1	1	1	0.373419635	0	0.14957265	0	0.999999996
0.124420459	0.403451938	0.350886587	0.454736767	0.566604284	0.378765073	1	1	1	0.9	0.931034483	1	0.95394084	0	0	0	0.999999996
0.165086154	0.639584806	0.645044745	0.440687805	0.631438276	0.471509568	0.704545455	0.5	1	1	0.689655172	0.957446809	0.999999998	0.006802721	0.303418803	0.2	0.75
0.159412152	0.413037864	0.39158702	0.747920992	0.699424584	0.456453398	1	1	1	1	1	0.893617021	0.999999998	0.017006803	0.111111111	0	0.999999996
0.354162861	0.273243282	0.377308451	0.458463338	0.642932872	0.500683884	0.977272727	1	1	1	0.965517241	1	0.475101535	0	0.004273504	0	0.75
0.102575877	0.313747917	0.325910272	0.457250336	0.591475364	0.323843805	1	1	1	1	1	0.957446809	0.999999993	0.051020408	0.055555556	0	0.999999996
0.155662143	0.314365162	0.366158445	0.018602099	0.558802552	0.396256088	1	1	1	1	1	0.978723404	0.99340441	0.006802721	0	0	0.999999996
0.082106052	0.477792883	0.471622182	0.512710854	0.682106597	0.378765073	1	1	1	1	1	1	0.342860101	0.003401361	0.034188034	0	0.999999996
0.154901626	0.404664616	0.377993174	0.432286936	0.55949067	0.350990005	1	1	1	1	1	1	0.464306026	0.085034014	0.02991453	0	0.999999996
0.629863108	0.293481955	0.388390852	0.281560034	0.747139338	0.574307266	1	1	1	1	1	1	0.695890211	0	0.042735043	0	0.75
0.372024141	0.341277492	0.346246155	0.393272248	0.623632366	0.894950566	1	0.5	1	1	0.965517241	1	0.536037942	0	0.038461538	0	0.999999996
0.19841461	0.474470928	0.345219871	0.430852875	0.583214342	0.378765073	1	1	1	1	1	0.70212766	0.999999998	0.010204082	0	0	0.999999996
0.19841461	0.619247545	0.307474849	0.454613598	0.582767966	0.183966579	1	1	1	1	0.896551724	0.978723404	0.811476253	0.136054422	0.179487179	0	0.75
0.00175553	0.346270774	0.290286033	0.438631253	0.582881583	0.378765073	1	1	1	1	1	0.808510638	0.999999998	0	0.05982906	0	0.999999996
0.00175553	0.346270774	0.290286033	0.438631253	0.582881583	0.378765073	1	1	1	1	1	1	0.536037942	0	0	0	0.999999996
0.134277416	0.371639933	0.381125289	0.46215773	0.387569396	0.378765073	0.886363636	1	1	1	0.965517241	0.808510638	0.999999998	0	0.115384615	0	0.999999996
0.104836501	0.249669229	0.342182261	0.430852875	0.569857499	0.328921773	1	1	1	1	1	1	0.615257667	0	0.042735043	0	0.75
0.321061603	0.34998792	0.331528587	0.466113016	0.591710129	0.343666691	0.977272727	1	1	1	0.965517241	1	0.587776073	0	0.064102564	0	1
0.26268564	0.347904011	0.331720177	0.443986664	0.582456709	0.40124372	1	1	1	1	1	0.978723404	0.670220857	0	0.128205128	0	0.75
0.19841461	0.363040064	0.41977266	0.52491121	0.583062183	0.280910833	0.931818182	1	0.333333333	1	0.75862069	1	0.780147235	0.034013605	0	0	0.999999996
0.19841461	0.745458581	0.999999992	0.475022577	0.583275823	0.362532155	1	1	1	1	1	0.680851064	0.999999997	0	0.179487179	0	0.75
0.114170876	0.504815644	0.303989195	0.454540591	0.589158349	0.378765073	1	1	1	1	1	0.978723404	0.652898778	0.193877551	0.012820513	0	0.75
0.150104345	0.690116143	0.533967466	0.509082372	0.6366422	0.378765073	1	1	1	1	1	1	0.999999993	0	0	0	0.899999998
0.19841461	0.88231117	0.376590461	0.480312216	0.583940468	0.999999999	0.863636364	1	1	1	0.517241379	0.936170213	0.247947351	0	0.320512821	0	0.999999996
0.19841461	0.46597304	0.42197033	0.282322237	0.583264046	0.332294341	0.931818182	1	1	1	0.689655172	0.914893617	0.341265549	0.149659864	0.111111111	0	0.75
0.109583389	0.834254578	0.999999992	0.374627951	0.567232713	0.328956565	1	1	1	1	1	1	0.247947351	0.098639456	0.11965812	0	0.75
0.362331003	0.47494993	0.388215232	0.421682568	0.566420727	0.559403056	1	1	1	1	1	1	0.604265029	0	0.055555556	0	0.500000003
0.13242634	0.588371461	0.312696041	0.566417946	0.580845728	0.330515195	1	1	1	1	1	1	0.322193942	0.091836735	0.025641026	0	0.75
0.999999991	0.662005176	0.446643817	0.430852875	0.999999998	0.964722877	0.909090909	0.5	1	1	0.689655172	1	0.450368099	0	0.025641026	0	0.999999996
0.277726764	0.477277304	0.644995846	0.69783663	0.632321607	0.491174773	0.977272727	1	0.833333333	1	0.965517241	1	0.999999998	0.010204082	0.004273504	0	0.999999996
0.999999993	0.408669462	0.325656138	0.783537146	0.559270107	0.999999999	0.977272727	1	1	1	0.965517241	1	0.450368099	0	0.102564103	0	0.999999996
0.220560488	0.461234979	0.357126145	0.496104816	0.574778397	0.43164635	1	1	1	1	1	0.978723404	0.816752719	0	0.11965812	0.2	0.75
0.144029296	0.70384019	0.804074503	0.435930161	0.575951864	0.458279699	1	1	1	1	1	0.936170213	0.247947351	0.139455782	0.055555556	0	0.75
0.202717592	0.854805203	0.779738706	0.443127723	0.579026814	0.456614943	0.977272727	1	1	1	1	0.978723404	1	0.057823129	0.38034188	0	0.75
0.177110645	0.254462391	0.338126475	0.454299947	0.560767692	0.340925691	0.977272727	1	1	1	1	1	0.999999998	0.034013605	0	0	0.999999996
0.169660211	0	0.358166363	0.442490225	0.562596854	0.358147087	1	1	1	1	1	0.829787234	0.633615373	0.034013605	0.012820513	0	0.999999996
0.128493362	0.488120013	0.375805681	0.469824218	0.685217582	0.42963357	1	1	1	1	1	1	0.560294478	0	0.183760684	0	0.75
0.104186601	0.999999991	0.37764121	0.441302588	0.677102104	0.468677079	0.818181818	1	1	1	1	0.957446809	0.999999998	0.969387755	0.205128205	0	0.75
0.083499536	0.375445796	0.348396142	0.426774878	0.608440535	0.338239839	0.840909091	1	1	1	0.896551724	1	0.999999993	0.081632653	0.047008547	0	0.999999996
0.23433754	0.32805583	0.382422189	0.462592164	0.559377047	0.582060718	1	0.5	1	1	0.965517241	1	0.428043228	0	0.076923077	0	0.999999996
0.257052888	0.999999993	0.424767623	0.430731916	0.969451401	0.3569001	1	1	1	1	1	0.893617021	0.328679598	0	0.132478632	0	0.75
0.299660703	0.335406195	0.332502235	0.431614289	0.586384107	0.378765073	0.977272727	1	1	1	1	1	0.670220857	0	0.004273504	0	0.999999996
0.043104635	0.416477211	0.266214788	0.490535232	0.623737647	0.517217925	1	1	1	1	1	1	0.689787752	0.010204082	0	0	0.999999996
0.172209662	0.95747108	0.307289608	0.41418368	0.57549636	0.323460847	0.954545455	1	1	1	0.965517241	1	0.604265029	0.129251701	0.042735043	0	0.75
0.19841461	0.350194771	0.345219871	0.430852875	0.583214342	0.378765073	1	1	1	1	1	1	0.41739019	0.105442177	0	0	0.999999996
0.26260373	0.567708667	0.848893104	0.451345627	0.662721003	0.493554489	0.931818182	1	0.833333333	1	0.965517241	0.808510638	0.999999998	0.003401361	0.08974359	0	0.75
0.242370641	0.528084055	0.345099938	0.459161983	0.59488625	0.385571888	0.613636364	1	0.833333333	1	0.965517241	0.744680851	0.835110425	0.081632653	0.02991453	0	0.75
0.294444223	0.386849696	0.382165349	0.438528859	0.562076443	0.34072324	0.954545455	1	1	1	0.965517241	1	0.823238376	0.06122449	0	0	0.999999996
0.20802622	0.606579747	0.461011559	0.450223743	0.563470663	0.378765073	0.613636364	1	1	1	0.75862069	1	0.582279754	0.085034014	0	0	0.999999996
0.289895807	0.327134556	0.350277288	0.455977073	0.595906486	0.999999999	1	1	1	1	1	1	0.780147235	0	0	0	0.75
0.587682638	0.348034884	0.394988638	0.448737829	0.595650877	0.807364319	1	1	1	1	1	1	0.8570957	0.017006803	0.034188034	0	0.75
0.323730844	0.460918862	0.364962692	0.450388588	0.571124325	0.432554778	1	1	1	1	1	1	0.536037942	0	0	0	0.999999996
0.105264612	0.713564756	0.677903762	0.446406822	0.57948281	0.328042028	0.340909091	1	1	0.85	0.586206897	0.70212766	0.999999998	0.666666667	0.128205128	0	0.75
0.424996986	0.326264507	0.40812683	0.430852875	0.674629303	0.378765073	1	1	1	1	1	1	0.999999998	0.006802721	0.085470085	0	0.75
0.048770752	0.788701158	0.82467883	0.454267869	0.693908072	0.415155353	0.931818182	1	0.833333333	1	0.931034483	0.808510638	0.999999993	0.602040816	0.538461538	0	0.75
0.486382097	0.722768969	0.453628665	0.432044628	0.622403412	0.440451226	0.931818182	1	1	1	0.931034483	0.638297872	0.728702184	0.020408163	0	0	0.974999997
0.189851786	0.538938118	0.302155462	0.371372341	0.541483272	0.371960989	1	1	1	1	0.965517241	1	0.680034125	0.006802721	0.05982906	0	0.75
0.126659468	0.719522468	0.96046785	0.454949456	0.66067641	0.395423265	0.909090909	1	1	1	0.931034483	0.829787234	0.999999993	0.085034014	0.085470085	0	0.999999996
0.31250295	0.452883226	0.30296452	0.456491757	0.58290431	0.342505409	0.772727273	1	1	1	0.896551724	0.978723404	0.533631964	0.010204082	0.145299145	0.2	0.75
0.223617409	0.450220125	0.427188655	0.574781434	0.607926946	0.622068991	1	1	1	1	1	1	0.536037942	0	0	0	0.999999996
0.19841461	0.877332202	0.447753667	0.450923277	0.632856139	0.091056988	0.954545455	1	0.833333333	1	0.931034483	0.744680851	0.742552415	0.272108844	0.230769231	0	0.75
0.373259443	0.420847956	0.343833994	0.434715401	0.580875927	0.400163462	1	1	1	1	1	0.787234043	0.59504857	0.040816327	0.303418803	0	0.500000003
0.19841461	0.415037494	0.290635339	0.352375557	0.583233536	0.328815426	1	1	1	1	1	1	0.481779177	0	0.064102564	0	0.999999996
0.147997467	0.38940241	0.342219786	0.446755826	0.58322717	0.348602732	0.727272727	1	1	0.95	0.517241379	1	0.999999993	0	0.025641026	0	0.999999996
0.109091659	0.467369136	0.378643509	0.44155456	0.59443658	0.368277306	1	1	1	1	1	1	0.531054061	0.030612245	0.085470085	0	0.75
0.018139875	0.455183227	0.241324877	0.430852875	0.604224535	0	1	1	1	1	0.931034483	0.957446809	0.999999993	0.234693878	0.188034188	0	0.75
0.160692555	0.45918641	0.45150305	0.493248483	0.623232767	0.395035897	1	1	1	1	1	1	0.780147235	0.479591837	0.111111111	0	0.75
0.19841461	0.410260251	0.309889504	0.459270255	0.582881873	0.310500126	1	1	1	1	1	0.787234043	0.538309202	0	0.034188034	1	1
0.142947731	0.496660749	0.435336824	0.546468778	0.613873793	0.415213955	1	1	1	1	0.793103448	1	0.536037942	0.06462585	0.072649573	0	0.500000003
0.19841461	0.543751356	0.520651185	0.438301984	0.583410164	0.384382007	0.954545455	1	1	0.9	0.896551724	0.914893617	0.479348164	0.040816327	0.068376068	0	0.75
0.205953108	0.60911508	0.510256894	0.452345609	0.622639201	0.378765073	0.977272727	1	1	1	0.965517241	0.978723404	0.826449383	0.068027211	0.05982906	0	0.75
0.396440363	0.153449327	0.342539475	0.851053103	0.56782209	0.450632601	1	1	1	1	1	1	0.999999998	0.051020408	0.004273504	0	0.999999996
0.085957427	0.690540113	0.325311677	0.489698182	0.601227103	0.353240339	1	1	1	1	1	0.978723404	0.615257668	0.255102041	0.256410256	0	0.999999996
0.112716348	0.549534177	0.3489564	0.882493494	0.701654593	0.308118697	1	1	1	1	1	1	0.44487178	0	0.098290598	0.6	0.75
0.101106932	0.398158996	0.335640396	0.442052418	0.565661722	0.335475509	1	1	1	1	1	1	0.934044166	0.027210884	0.08974359	0	0.999999996
0.089374383	0.229070188	0.383965124	0.430852875	0.999999998	0.12002217	1	1	1	1	1	1	0.999999998	0.020408163	0.025641026	0	0.999999996
0.19841461	0.407830729	0.395830049	0.437656803	0.583189063	0.576586999	1	1	1	1	1	1	0.780147235	0	0	0	0.999999996
0.131273965	0.327061646	0.329338838	0.403572249	0.568982773	0.318833047	0.977272727	1	1	1	0.931034483	1	0.543475742	0.020408163	0.076923077	0	0.75
0.095547532	0.332726195	0.378667622	0.456054388	0.999999999	0.378765073	1	1	1	1	1	1	0.472353375	0.006802721	0.038461538	0	0.999999996
0.19841461	0.537956123	0.413886828	0.438065354	0.583313767	0.393592846	0.954545455	1	1	1	1	0.489361702	0.263703119	0.238095238	0.021367521	0	0.999999996
0.206642782	0.346314168	0.298509071	0.443262599	0.676811904	0.378765073	1	1	1	1	1	0.978723404	0.659228219	0.006802721	0	0	0.999999996
0.19841461	0.604057394	0.4153465	0.470775486	0.583270541	0.371373581	1	1	1	1	1	0.978723404	0.363647758	0.204081633	0.05982906	0	0.75
0.075438718	0.344654925	0.366300402	0.428168982	0.593751861	0.342123683	1	1	1	1	1	1	0.305797555	0.010204082	0.064102564	0	0.75
0.879212848	0.49044988	0.336196228	0.428264738	0.559935719	0.853977677	1	1	1	1	1	0.978723404	0.461360742	0.034013605	0.188034188	0.2	0.999999996
0.055804232	0.406416644	0.362992375	0.456924425	0.812944611	0.50324378	0.977272727	0.5	1	1	0.965517241	1	0.999999998	0.156462585	0.072649573	0	0.999999996
0.19841461	0.610718243	0.460988778	0.510476446	0.584310908	0.448821524	1	1	1	1	0.931034483	1	0.652898774	0	0.025641026	0.2	0.999999996
0.124065475	0.395106814	0.411437663	0.455174755	0.702439946	0.452198948	1	1	1	1	1	0.595744681	0.537198367	0	0.05982906	0	0.75
0.17140063	0.584634711	0.495664791	0.504189482	0.633969652	0.43288477	0.909090909	1	1	1	0.965517241	1	0.132246945	0.047619048	0	0	0.999999996
0.098757415	0.999999991	0.33586388	0.462854823	0.605140718	0.368100209	0.25	1	0.833333333	1	0.724137931	0.808510638	0.993184557	0.408163265	0.025641026	0	0.999999996
0.130949297	0.388170738	0.400838494	0.455789386	0.571062872	0.353276212	1	1	1	1	1	1	0.890073614	0	0.025641026	0	0.75
0.280102263	0.341154681	0.346265556	0.458910681	0.560542618	0.378765073	0.977272727	1	1	1	0.965517241	1	0.461360737	0.003401361	0.358974359	0	0.75
0.19841461	0.607177498	0.413532279	0.428200281	0.583369822	0.311168337	0.977272727	1	1	0.95	0.896551724	1	0.956029441	0.088435374	0	0	0.999999996
0.260771898	0.900184447	0.348672523	0.467750525	0.557921499	0.378765073	1	1	1	1	0.931034483	1	0.393273604	0	0.047008547	0	0.75
0.19841461	0.47103456	0.640633541	0.434583751	0.583275061	0.350224013	1	1	1	1	1	0.936170213	0.76859918	0.353741497	0.123931624	0	0.75
0.116519405	0.715985008	0.999999992	0.403601758	0.614277205	0.377475615	0.863636364	1	1	0.95	0.689655172	0.957446809	0.65387082	0.068027211	0.064102564	0	0.999999996
0.154318727	0.36057186	0.382798321	0.477805216	0.58316354	0.40018814	1	1	1	1	1	1	0.560294478	0	0	0	0.999999996
0.19841461	0.493196497	0.376100746	0.452361871	0.584814079	0.430807963	1	1	1	1	1	0.957446809	0.305797555	0	0.141025641	0	0.500000003
0.265236773	0.466814257	0.406066653	0.524992067	0.579346933	0.470982224	0.818181818	1	1	1	0.75862069	1	0.999999993	0.224489796	0.303418803	0	0.75
0.19755158	0.619866889	0.361958955	0.460213036	0.672309434	0.443709701	1	1	1	1	1	1	0.366824052	0	0.081196581	0	0.999999996
0.084962061	0.358749182	0.379956158	0.430852875	0.271839188	0.211712015	1	1	1	1	1	0.978723404	0.560294478	0.006802721	0.02991453	0	0.500000003
0.089189277	0.518760706	0.346914163	0.435264041	0.568844963	0.292692371	1	1	1	1	1	0.978723404	0.400021818	0.037414966	0.141025641	0.2	0.75
0.386968528	0.321094509	0.361632556	0.433944995	0.559191237	0.583662275	1	1	1	1	1	1	0.560294478	0	0.064102564	0	0.999999996
0.152021842	0.857286903	0.842345968	0.446913048	0.609078079	0.376639612	0.931818182	1	1	1	0.965517241	0.744680851	0.537198371	0.697278912	0	0	0.75
0.108479516	0.308404542	0.356785103	0.403254787	0.548347957	0.37263175	0.977272727	0.5	1	1	0.965517241	1	0.593272392	0.037414966	0	0	0.999999996
0.06066337	0.902811432	0.703943152	0.44172934	0.591602706	0.322885175	1	1	1	1	1	1	0.479348164	0.306122449	0	0	1
0.192054072	0.945285008	0.824645143	0.443233539	0.587617505	0.435636962	0.909090909	1	1	0.9	0.896551724	0.659574468	0.999999993	0.255102041	0.012820513	0.2	0.75
0.11677451	0.476341812	0.308439384	0.428559025	0.58336775	0.358271986	0.977272727	1	1	1	1	1	0.443401589	0.054421769	0.025641026	0	0.75
0.338529715	0.326010233	0.319594954	0.46079455	0.55893302	0.401901634	0.909090909	1	1	1	0.896551724	0.978723404	0.881059651	0.013605442	0.068376068	0	0.75
0.176752731	0.450838876	0.3795186	0.451592757	0.633025452	0.352552372	0.931818182	1	1	1	0.931034483	1	0.310541746	0.697278912	0.162393162	0	0.999999996
0.137274936	0.383832496	0.33391344	0.460868191	0.5763545	0.453902485	1	1	0.833333333	1	1	1	0.479348164	0.020408163	0	0	0.75
0.654428661	0.588557505	0.375263329	0.391697279	0.502251498	0.239261356	0.909090909	1	1	1	0.965517241	0.978723404	0.59504857	0.428571429	0.175213675	0.8	0.75
0.273069592	0.065415666	0.31252606	0.383340089	0.548410491	0.324902789	1	1	1	1	1	0.787234043	0.491370639	0	0.004273504	0	0.999999996
0.096059168	0.459434148	0.377555769	0.539481351	0.643753119	0.383770576	0.931818182	1	0.833333333	1	0.931034483	1	0.450368099	0.027210884	0.123931624	0	0.75
0.19841461	0.327378675	0.31537162	0.460201898	0.748338122	0.215832416	1	0.5	1	1	0.965517241	0.957446809	0.59504857	0	0.025641026	0	0.75
0.19841461	0.550900367	0.548219216	0.462108308	0.585373735	0.47878631	1	1	1	1	1	1	0.230517632	0.193877551	0.047008547	0	0.999999996
0.19841461	0.563175495	0.243631109	0.55877377	0.583999879	0.511594673	1	1	1	1	1	0.914893617	0.537198367	0.006802721	0.08974359	0.2	0.999999996
0.141400355	0.60575858	0.440414715	0.44208126	0.663869804	0.378765073	0.954545455	1	1	1	0.827586207	0.978723404	0.945036803	0.010204082	0.034188034	0	0.75
0.099327049	0.341164413	0.374018443	0.449772691	0.596028867	0.378765073	1	0.5	1	1	0.965517241	1	0.999999998	0.006802721	0.072649573	0	0.999999996
0.625021347	0.344097585	0.344640968	0.665403529	0.56647543	0.605632483	0.977272727	1	1	1	0.965517241	1	0.450368099	0.06122449	0	0	0.999999996
0.19841461	0.538476778	0.461385245	0.456930111	0.583697163	0.412250017	1	1	1	1	1	0.914893617	0.285478531	0	0.166666667	0	0.75
0.19841461	0.596583442	0.423684514	0.415112641	0.583067972	0.348679099	0.977272727	1	1	1	1	1	0.537198367	0.020408163	0.072649573	0	0.75
0.19841461	0.665069508	0.327077848	0.414273919	0.583023729	0.508128575	0.840909091	1	0.833333333	0.9	0.689655172	0.531914894	0.587172919	0.078231293	0.128205128	0	0.75
0.19841461	0.417250395	0.379181071	0.450494926	0.614929536	0.165012481	1	1	0.666666667	1	1	1	0.820490216	0.027210884	0	0	0.999999996
0.095778843	0.492467693	0.302994721	0.435446494	0.561284732	0.313142637	1	1	1	1	1	1	0.890073614	0.034013605	0.106837607	0	0.999999996
0.19841461	0.403140849	0.393819661	0.453602235	0.583684001	0.435385505	1	1	1	1	1	1	0.461360737	0.037414966	0.025641026	0	0.999999996
0.081692067	0.340315726	0.535525647	0.450310574	0.660952535	0.403180382	1	1	1	1	1	1	0.59504857	0.030612245	0.128205128	0	0.999999996
0.092495396	0.422452237	0.35335878	0.410668253	0.565888858	0.318636017	1	1	1	1	0.965517241	1	0.999999993	0.051020408	0.141025641	0	0.75
0.403416249	0.389901155	0.368875205	0.485885093	0.564194184	0.495038976	1	1	1	1	1	0.978723404	0.421497964	0.023809524	0.064102564	0	0.75
0.248634732	0.39857837	0.317114311	0.832726511	0.573112054	0.378765073	0.977272727	1	0.833333333	1	1	0.914893617	0.999999998	0.149659864	0	0	0.999999996
0.123841797	0.644123814	0.372682634	0.583193664	0.628815822	0.420269296	0.931818182	1	0.5	1	1	1	0.999999998	0.119047619	0.128205128	0	0.999999996
0.05092759	0.33277037	0.35330528	0.422824998	0.553080713	0.302987552	0.886363636	1	1	1	0.896551724	1	0.780147235	0.095238095	0	0	0.999999996
0.176848867	0.414911888	0.356627445	0.674145803	0.593149149	0.305808735	0.954545455	1	1	1	0.931034483	0.914893617	0.94214979	0.020408163	0.094017094	0.4	0.500000003
0.214864021	0.594061407	0.437170964	0.442961276	0.581319458	0.386574858	0.363636364	1	1	0.95	0.310344828	0.276595745	0.999999993	0.292517007	0	0	0.999999998
0.16551667	0.538934387	0.456493978	0.434684884	0.590020184	0.378765073	1	1	1	1	1	0.680851064	0.76859918	0.391156463	0.123931624	0	0.999999996
0.33182981	0.710263686	0.999999992	0.87200804	0.999999998	0.378765073	0.977272727	0.5	0.833333333	1	0.862068966	1	0.574035275	0	0.021367521	0.4	0.75
0.19841461	0.548857311	0.283809731	0.454124526	0.632113374	0.260404337	1	1	1	1	0.793103448	0.85106383	0.304669191	0.040816327	0.320512821	0.6	0.75
0.185806342	0.535751984	0.284762388	0.432388856	0.567919757	0.368499401	1	1	0.833333333	1	0	1	0.710748977	0.146258503	0.021367521	1	0.75
0.269089293	0.647730758	0.397514833	0.340090788	0.567547305	0.373917579	0.818181818	1	1	1	0.689655172	0.957446809	0.94214979	0.153061224	0.239316239	0	0.75
0.217599778	0.327751735	0.344596583	0.391668797	0.699754999	0.434691927	1	1	1	1	0.793103448	1	0.670220857	0	0	0	0.999999996
0.05844147	0.586471664	0.365198307	0.385122016	0.465337073	0.254572254	1	1	1	1	1	1	0.780147235	0.023809524	0	0	0.999999996
0.260194362	0.366540694	0.323604522	0.435976101	0.599448045	0.385863118	1	1	1	1	1	1	0.461360737	0	0.008547009	0	0.999999996
0.214766994	0.392023319	0.331691786	0.687409727	0.594633709	0.45008966	1	1	1	1	1	1	0.237348279	0	0.094017094	0	0.999999996
0.042788804	0.33221823	0.329194151	0.430852875	0.450973669	0.243319574	1	1	1	1	0.896551724	1	0.901066252	0	0.021367521	1	0.75
0.151856665	0.326533437	0.366186212	0.398020333	0.559295036	0.340572725	1	1	1	1	1	1	0.670220857	0.006802721	0	0	0.999999996
0.123895548	0.39225969	0.330348391	0.422495685	0.557895796	0.380692382	1	1	1	1	0.931034483	1	0.999999993	0	0	0	0.999999996
0.092186308	0.656934398	0.650480507	0.45224752	0.751400928	0.509787848	0.977272727	1	1	1	0.931034483	1	0.999999998	0.091836735	0.235042735	0	0.75
0.46360934	0.290748562	0.479636994	0.532925787	0.707543292	0.426097541	1	1	1	1	1	0.957446809	0.371880665	0.010204082	0.111111111	0	0.75
0.415198484	0.326698062	0.355949702	0.482794675	0.558288898	0.606778691	1	1	1	1	1	1	0.536037942	0	0	0	0.999999996
0.383856726	0.518585903	0.347993628	0.500538478	0.619356505	0.468991955	0.977272727	1	1	1	1	0.914893617	0.275455061	0	0.042735043	0	0.75
0.245618357	0.483745275	0.317515899	0.440302391	0.595689539	0.378765073	1	0.5	1	1	0.965517241	1	0.365614861	0	0.145299145	0	0.75
0.075952231	0.729857434	0.464843958	0.53568926	0.616363077	0.362012585	1	1	1	1	1	1	0.421497961	0.163265306	0.205128205	0	0.75
0.19841461	0.477879712	0.335141776	0.466496882	0.583007651	0.062772212	0.227272727	1	0.833333333	0.5	0.172413793	0.957446809	0.381664113	0.153061224	0	0	0.874999998
0.055081328	0.687882361	0.781571399	0.456969416	0.646135735	0.339930117	1	1	1	1	1	1	0.63702309	0.003401361	0.145299145	0	0.999999996
0.405795171	0.668979897	0.379694329	0.463466608	0.583181318	0.525134914	0.977272727	1	0.5	1	0.965517241	0.978723404	0.31405939	0.020408163	0.051282051	0	0.75
0.276892206	0.474654496	0.355179658	0.51193228	0.568297112	0.365965022	1	1	1	1	1	1	0.60030768	0	0.034188034	0	0.75
0.128541688	0.524093645	0.419307701	0.455108823	0.726718663	0.455805396	1	1	1	1	1	0.936170213	0.794404147	0.119047619	0.025641026	0	0.75
0.066855394	0.459460318	0.331494572	0.43943716	0.563152423	0.307014387	0.772727273	1	0.833333333	0.9	0.793103448	0.936170213	0.388687426	0.278911565	0.008547009	0	0.75
0.109702682	0.339951665	0.276809217	0.722989704	0.18539776	0.126417876	1	1	1	1	1	1	0.363647758	0.006802721	0	0	0.75
0.19841461	0.332726195	0.345219871	0.430852875	0.583214342	0.378765073	1	0.5	1	1	0.965517241	0.936170213	0.999999998	0	0.004273504	0	0.999999996
0.19841461	0.350194771	0.345219871	0.430852875	0.583214342	0.378765073	1	1	1	1	0.931034483	1	0.718258684	0	0	0	0.999999996
0.118813113	0.448530188	0.332651774	0.455110666	0.561213497	0.321405803	1	1	1	1	1	1	0.536037942	0.057823129	0.094017094	0	0.75
0.176469659	0.999999991	0.614609322	0.444153796	0.550585876	0.378765073	1	1	1	1	0.931034483	0.957446809	0.999999993	0	0	0	0.999999996
0.190822319	0.352572521	0.326429239	0.444534785	0.603844022	0.454029366	1	1	1	0.85	0.896551724	1	0.496207399	0	0	1	0.75
0.072913565	0.781037605	0.367440259	0.441952159	0.908582561	0.556664935	0.931818182	1	0.833333333	1	0.965517241	0.787234043	0.547563862	0.244897959	0.200854701	0	0.75
0.19841461	0.463845551	0.190060197	0.441010013	0.987903826	0.146656324	1	1	1	1	1	1	0.274485894	0.18707483	0.017094017	0	0.999999996
0.164500952	0.465195584	0.789484103	0.447150835	0.999319541	0.378765073	1	1	1	1	0.965517241	0.914893617	0.710748977	0	0	0	0.999999996
0.467349778	0.33643545	0.28559032	0.46354143	0.560659225	0.488439602	1	1	0.833333333	1	1	1	0.601144762	0.003401361	0.047008547	0.2	0.999999996
0.075667202	0.400884851	0.228608925	0.366731727	0.559159605	0.344485082	0.977272727	1	1	1	0.965517241	1	0.991205882	0.06122449	0.042735043	0	0.999999996
0.096279586	0.474470928	0.596205182	0.452326787	0.999999998	0.378765073	1	1	1	1	1	0.936170213	0.906452644	0.040816327	0.051282051	0	0.999999996
0.374350264	0.999999991	0.335509239	0.461634623	0.574214372	0.364213462	1	1	1	1	1	0.978723404	0.019197873	0.040816327	0.034188034	0	0.75
0.136118197	0.621004509	0.773348868	0.50712991	0.676972286	0.433608383	1	1	1	1	1	0.978723404	0.363647758	0	0.128205128	0	0.75
0.19841461	0.42566775	0.288828309	0.442870666	0.64287137	0.096636783	1	1	1	1	1	1	0.950533123	0.017006803	0.047008547	0	0.999999996
0.19841461	0.332726195	0.308181748	0.505805636	0.622805198	0.126939289	0.954545455	1	1	1	0.931034483	0.957446809	0.461360742	0.078231293	0	0	0.999999996
0.208676553	0.515616047	0.332717292	0.402846393	0.57780087	0.40227122	0.977272727	1	1	1	1	1	0.280930032	0	0.111111111	0	0.75
0.293983917	0.813343058	0.364020185	0.430852875	0.989284266	0.378765073	1	1	1	1	1	0.914893617	0.890073614	0	0	0	0.999999996
0.56364886	0.509814558	0.36197852	0.40157218	0.578181653	0.335799669	1	1	1	1	1	1	0.606452591	0.023809524	0.042735043	0	0.75
0.233106344	0.420068383	0.389881831	0.440461013	0.63992217	0.41763601	0.931818182	1	1	1	0.965517241	1	0.496976884	0.085034014	0.098290598	0	0.75
0.19841461	0.340524967	0.591172551	0.744597848	0.961060077	0.169531598	1	1	1	1	1	1	0.890073614	0.006802721	0.076923077	0	0.75
0.19841461	0.400831064	0.474201917	0.444522094	0.999999998	0.16016887	1	1	1	1	1	0.978723404	0.725184051	0	0.123931624	0	0.999999996
0.270440634	0.545244723	0.331183666	0.449476532	0.859954416	0.865054557	1	1	1	1	1	1	0.678905041	0.040816327	0.08974359	0	0.999999996
0.19841461	0.32695113	0.401652935	0.554692109	0.58316048	0.432619233	1	1	1	1	1	1	0.177189987	0.051020408	0.115384615	0	0.999999996
0.19841461	0.341153925	0.363089185	0.423243768	0.583234905	0.327101496	0.977272727	1	1	1	1	1	0.305797555	0.020408163	0.064102564	0	0.75
0.725971712	0.741031727	0.315729071	0.43980581	0.999872064	0.378765073	0.886363636	1	1	1	0.931034483	0.638297872	0.257963593	0.289115646	0	0	0.999999996
0.19841461	0.688392354	0.999999992	0.449567265	0.69278742	0.084193541	0.863636364	1	0.833333333	1	0.862068966	0.957446809	0.479348164	0.081632653	0.5	0	0.75
0.19841461	0.599313945	0.572882722	0.447243659	0.79681787	0.090727656	0.977272727	1	1	1	1	1	0.820600145	0.37414966	0	0.8	0.999999996
0.164627409	0.663689024	0.394845326	0.445075154	1	0.378765073	0.204545455	1	0.5	1	0.24137931	1	0.999999998	0.969387755	0.034188034	0.2	0.999999996
0.178207284	0.476216049	0.377351831	0.739561731	0.569708677	0.40293354	1	1	1	1	1	1	0.340441721	0.098639456	0.012820513	0	0.999999996
0.19841461	0.410059965	0.18284813	0.449574266	0.860450487	0.144829252	1	1	1	1	0.965517241	0.914893617	0.890073614	0.017006803	0.025641026	0.8	0.999999996
0.20331734	0.660344618	0.483047207	0.486362681	0.578895942	0.427290302	0.090909091	1	0	1	1	1	0.305797555	0.040816327	0	0	0.75
0.480271448	0.480517065	0.317701713	0.181068914	0.593893766	0.407065424	1	1	0.666666667	1	1	0.978723404	0.332307169	0.017006803	0.05982906	0	0.75
0.158026171	0.999999991	0.65180244	0.438156265	0.60472995	0.306248386	1	1	1	1	1	0.829787234	0.479348164	0.044217687	0.188034188	0	0.75
0.181981586	0.717673641	0.784760906	0.45367853	0.623002763	0.357958117	0.977272727	1	0.833333333	1	0.965517241	0.936170213	0.560294478	0.782312925	0.576923077	0.6	0.999999996
0.214877921	0.396316367	0.298475699	0.501363595	0.585435812	0.471630239	1	1	1	1	1	0.978723404	0.340441721	0.057823129	0.02991453	0	0.999999996
0.149409132	0.392381868	0.350481939	0.46158075	0.583214342	0.391523869	0.977272727	1	1	1	1	0.936170213	0.725184051	0.227891156	0	0	1
0.055804232	0.41672876	0.364325029	0.448451403	0.999999998	0.378765073	0.818181818	1	1	1	0.965517241	1	0.305797555	0.326530612	0.132478632	0	0.75
0.100901177	0.811752426	0.76135509	0.728022284	0.559212278	0.31548319	1	1	1	1	1	1	0.479348164	0.047619048	0.004273504	0	0.75
0.222984238	0.407830729	0.688492331	0.43746431	0.899855137	0.378765073	0.909090909	1	0.833333333	1	0.862068966	0.957446809	0.633945152	0.013605442	0.021367521	0	0.75
0.303474082	0.607751327	0.395446978	0.408604181	0.578564281	0.378765073	0.886363636	1	1	1	1	0.893617021	0.537198367	0.023809524	0.042735043	0	0.75
0.19841461	0.343351195	0.310078494	0.469100948	0.583602073	0.394844507	1	1	1	1	1	1	0.998680876	0.003401361	0.136752137	0	0.75
0.19841461	0.326265406	0.382265018	0.576922834	0.583214342	0.26574815	1	1	0.666666667	1	0.931034483	1	0.999999998	0.027210884	0	0	0.999999996
0.331568204	0.80502349	0.377275995	0.456891472	0.919028302	0.378765073	1	1	1	1	1	1	0.710748977	0.027210884	0.128205128	0	0.75
0.19841461	0.474470928	0.25949209	0.558602349	0.582620914	0.144367046	1	1	1	1	1	1	0.999999998	0.027210884	0.123931624	0	0.75
0.999999991	0.362659334	0.444426814	0.502102319	0.843423531	0.162228191	1	0.5	1	1	0.965517241	0.914893617	0.190097148	0.068027211	0.038461538	0	0
0.203569699	0.408207537	0.39935545	0.49632452	0.565040928	0.419757153	1	1	1	1	1	0.872340426	0.421497961	0	0.025641026	0	0.75
0.356020662	0.474470928	0.294845083	0.432928743	0.544180042	0.378765073	0.977272727	1	1	1	0.896551724	0.70212766	0.59504857	0	0.012820513	0	0.75
0.19841461	0.404176358	0.335129719	0.433156869	0.583382578	0.446687681	1	1	1	1	1	1	0.340441721	0.085034014	0.038461538	0	0.999999996
0.144183105	0.999999991	0.295651146	0.369993601	0.572718292	0.34267852	1	0.5	1	1	0.965517241	1	0.91205889	0.071428571	0.012820513	0	0.999999996
0.15465457	0.665056201	0.358587939	0	0.571801219	0.343528634	0.931818182	1	1	1	0.896551724	0.978723404	0.59504857	0.078231293	0	0	0.75
0.19841461	0.740578455	0.804577042	0.471345479	0.583589321	0.827803816	1	1	1	0	0.724137931	0.170212766	0.884299586	0.173469388	0.012820513	0	0.75
0.191005464	0.438232907	0.339926578	0.138154637	0.858982519	0.744003018	1	1	1	1	1	0.978723404	0.626690011	0	0.017094017	0	0.75
0.19841461	0.602659059	0.999999992	0.450992596	0.734853137	0.102253159	0.954545455	1	1	1	0.862068966	1	0.537198367	0.299319728	0.183760684	0	0.500000003
0.244722147	0.709428459	0.545485061	0.460497267	0.899401679	0.549117417	0.727272727	1	1	1	0.75862069	1	0.999999998	0.068027211	0.08974359	0	0.75
0.156296746	0.71711062	0.741412145	0.456304528	0.600123667	0.382079051	0.840909091	1	1	1	0.620689655	0.957446809	0.456733501	0.972789116	0	0.4	0.75
0.097668978	0.397136768	0.345378626	0.386773712	0.572201416	0.305278223	0.75	1	0.833333333	1	0.965517241	1	0.692206132	0.017006803	0.102564103	0.6	0.75
0.19841461	0.567030807	0.680971951	0.441598326	0.583382945	0.10780957	1	1	1	1	0.896551724	0.978723404	0.421497961	0.047619048	0.051282051	0	0.75
0.11281886	0.999991192	0.416924924	0.556626583	0.566481821	0.343980863	1	1	1	1	0.965517241	0.978723404	0.450368099	0	0	0	0.999999996
0.045959774	0.732178609	0.917746209	0.42277484	0.605416592	0.345461024	1	1	1	1	1	0.978723404	0.428382824	0.085034014	0.064102564	0.8	0.75
0.19841461	0.534767911	0.506297394	0.442987103	0.583323543	0.39858127	0.977272727	1	1	1	1	0.978723404	0.376315413	0.013605442	0.111111111	0	0.999999996
0.105032477	0.407830729	0.317559823	0.381957449	0.732799631	0.378765073	1	1	1	1	1	0.978723404	0.405616421	0.013605442	0.008547009	0	0.999999996
0.141730093	0.456728856	0.422941863	0.426461691	0.878399272	0.378765073	1	1	1	1	1	1	0.780147235	0.06122449	0	0	0.75
0.19841461	0.411151312	0.432183132	0.422744083	0.583190984	0.341931025	1	1	1	1	1	0.829787234	0.450368099	0.078231293	0	0	0.999999996
0.11027235	0.332726195	0.313885908	0.513582674	0.999999998	0.378765073	1	1	1	1	1	1	0.560294478	0	0.051282051	0	0.999999996
0.19841461	0.327152558	0.39561252	0.32941837	0.583470581	0.425272581	1	1	1	1	1	0.978723404	0.358061639	0	0.021367521	0	0.999999996
0.106054123	0.407830729	0.372588759	0.449994753	0.560039739	0.378765073	0.886363636	1	0.833333333	1	0.793103448	0.978723404	0.560294478	0.013605442	0.017094017	0	0.999999996
0.132553521	0.54121236	0.363062271	0.455207831	0.660188099	0.441994658	1	0.5	0.666666667	1	0.931034483	0.936170213	0.999999998	0	0.145299145	0	0.999999996
0.342135059	0.449190074	0.370817283	0.437459379	0.573228707	0.396778751	0.75	1	1	1	1	0.957446809	0.537198367	0.017006803	0.166666667	0	0.75
0.126663667	0.407830729	0.470845602	0.567611753	0.573561149	0.378765073	0.818181818	1	1	1	0.896551724	0.957446809	0.255119452	0.085034014	0.106837607	0	0.75
0.19841461	0.546124982	0.488805645	0.589737463	0.735287993	0.5499206	1	1	1	1	1	0.978723404	0.421497961	0	0.106837607	0	0.500000003
0.19841461	0.405875017	0.473878882	0.439989078	0.591880846	0.149991315	1	1	1	1	1	0.978723404	0.890073614	0.017006803	0.106837607	0	0.75
0.306257334	0.732092937	0.936675594	0.445019609	0.573747037	0.367053974	0.954545455	1	0.833333333	1	0.965517241	0.595744681	0.91205889	0.017006803	0.111111111	0	0.999999996
0.318016544	0.368410156	0.331361683	0.403426816	0.531430505	0.317433147	1	1	1	1	1	1	0.692206132	0	0.08974359	0	0.75
0.19841461	0.54981406	0	0.772396163	0.647760959	0.106259677	0.954545455	0.5	1	1	0.896551724	0.382978723	0.275348405	0.030612245	0.047008547	0	0.500000003
0.090444989	0.333312925	0.341642172	0.549059995	0.582770082	0.065797575	1	1	1	1	1	1	0.999999998	0.119047619	0.017094017	0	0.999999996
0.242889658	0.910942076	0.588647835	0.446357209	0.999999998	0.378765073	1	1	1	1	1	1	0.363647758	0	0.807692308	0	0.75
0.053713928	0.999999992	0.999999992	0.458692161	0.678443057	0.378765073	0.886363636	1	0.833333333	1	0.931034483	0.595744681	0.826449383	0.003401361	0.465811966	0	0.75
0.108581812	0.589743909	0.387343563	0.458316617	0.610797918	0.344765495	0.818181818	1	1	1	0.896551724	1	0.780147235	0.006802721	0.11965812	0	0.999999996
0.19841461	0.407830729	0.305872354	0.466552143	0.764206926	0.114592252	1	1	1	1	1	1	0.890073614	0	0.047008547	0	0.999999996
0.143435204	0.349951335	0.388356819	0.475000177	0.649647463	0.391297503	1	1	1	1	1	1	0.655160943	0	0.004273504	0	0.999999996
0.628558981	0.461868641	0.416197517	0.431179349	0.584908178	0.338238272	0.636363636	1	1	1	0.827586207	0.489361702	0.769154598	0.003401361	0.401709402	1	0.500000003
0.19841461	0.54443152	0.370846296	0.470664018	0.583420616	0.378765073	1	1	1	1	1	1	0.674239187	0	0.213675214	0	0.999999996
0.414312689	0.463483267	0.383575771	0.986408849	0.56775574	0.547199044	1	1	1	1	0.724137931	1	0.892272142	0.023809524	0.055555556	0	0.999999996
0.191538633	0.518150185	0.380591203	0.489446239	0.871570924	0.378765073	0.977272727	1	1	1	0.965517241	1	0.461360737	0.153061224	0.02991453	0	0.75
0.125873995	0.586366022	0.466774086	0.486378249	0.634996115	0.385501481	0.931818182	1	1	1	0.931034483	0.872340426	0.599208416	0.132653061	0.329059829	0	0.75
0.316228769	0.942747021	0.893928073	1	0.346163702	0.307656549	1	1	0.666666667	1	1	0.893617021	0.536037942	0	0.047008547	1	0.254237295
0.08697089	0.386226201	0.33031471	0.390655744	0.623184968	0.339585562	0.931818182	1	1	1	0.965517241	0.978723404	0.363647758	0.037414966	0.196581197	0	0.75
0.912931932	0.458634572	0.327663192	0.485834106	0.56058301	1	0.840909091	1	0.833333333	1	0.931034483	0.744680851	0.537198367	0	0.064102564	0	0.500000003
0.895183069	0.597266924	0.405897961	0.419989054	0.563333143	0.582150774	0.772727273	1	1	1	0.896551724	0.978723404	0.215125649	0	0.064102564	0.2	0.75
0.137075463	0.347015478	0.317298726	0.671133005	0.562566046	0.337069897	1	1	1	1	1	0.978723404	0.190097148	0.037414966	0.004273504	0	0.999999996
0.369275302	0.315040461	0.313461169	0.449121541	0.569273507	0.297944877	1	1	1	1	1	1	0.528855538	0	0.064102564	0	0.999999996
0.19841461	0.469832314	0.323759318	0.442607755	0.563765995	0.396493886	1	1	1	1	0.965517241	0.70212766	0.650214256	0.027210884	0	0	0.999999996
0.19841461	0.554826939	0.415762472	0.445134776	0.583058553	0.378765073	0.977272727	1	1	1	1	0.957446809	0.999999998	0	0.017094017	0	0.999999996
0.19841461	0.676150928	0.351687637	0.577949101	0.584055978	0.393498652	0.863636364	1	1	1	0.827586207	0.276595745	0.479935704	0.030612245	0.111111111	0	0.314769972
0.442642899	0.596278549	0.406546781	0.223619192	0.703071787	0.524543342	1	1	1	1	1	0.957446809	0.670220857	0	0.034188034	0	0.999999996
0.19841461	0.375568805	0.372104186	0.548800783	0.583533809	0.135469456	1	1	1	1	1	1	0.780147235	0.003401361	0.012820513	0	0.999999996
0.576446637	0.306528223	0.388132204	0.432919424	0.562435094	0.441012833	1	1	1	1	1	1	0.505331289	0	0.025641026	0	0.999999996
0.266924343	0.519755248	0.365847539	0.413632462	0.586917491	0.33448164	0.886363636	1	1	1	0.862068966	1	0.999999993	0.255102041	0.175213675	0	0.75
0.831705164	0.464210013	0.533710515	0.477340512	0.488451133	0.332531021	1	1	1	1	1	0.978723404	0.384030145	0.023809524	0	0	0.75
0.19841461	0.739543779	0.413198966	0.44784689	0.970774186	0.106588627	0.590909091	1	0.833333333	1	0.793103448	0.659574468	0.999999993	0.591836735	1	1	0.75
0.19841461	0.409260554	0.440712793	0.461916849	0.58322031	0.378790499	0.909090909	1	1	1	0.931034483	1	0.70440796	0.006802721	0.034188034	0	0.999999996
0.07602266	0.384964684	0.328462675	0.603139183	0.472601795	0.280073128	0.795454545	1	1	1	0.827586207	0.978723404	0.538309206	0.047619048	0.051282051	0	0.75
0.311626766	0.343364749	0.303987125	0.432247684	0.57453447	0.394442204	1	1	1	1	1	1	0.75816196	0	0.05982906	0	0.999999996
0.172101823	0.396663325	0.391892513	0.400345285	0.584948204	0.356967524	0.704545455	1	1	1	0.862068966	1	0.710748977	0.142857143	0.158119658	0	0.75
0.120180436	0.516894365	0.570566914	0.757081945	0.652515279	0.388423371	1	0.5	1	1	0.965517241	1	0.679564599	0	0.11965812	0	0.75
0.103122127	0.081816138	0.336394849	0.430852875	0.616144314	0.361567255	1	1	1	1	1	1	0.535887846	0	0.004273504	0	0.999999996
0.127569903	0.462758091	0.356263309	0.434936048	0.540679887	0.331511999	0.886363636	1	1	1	0.793103448	0.936170213	0.784698515	0.112244898	0.008547009	0	0.75
0.19841461	0.398564801	0.348147846	0.933872765	0.583029599	0.305706428	1	1	0.833333333	1	1	1	0.230515342	0	0.025641026	0	0.999999996
0.19841461	0.667254034	0.536756346	0.44036562	0.583214342	0.439103865	0.863636364	1	1	1	1	0.914893617	0.494338651	1	0.235042735	0	0.999999996
0.314645434	0.483889205	0.362252484	0.463348621	0.592839742	0.422651874	0.954545455	1	1	1	0.965517241	0.978723404	0.016546539	0.013605442	0.123931624	0	0.75
0.279659215	0.407830729	0.41764767	0.466917434	0.844699702	0.378765073	0.977272727	1	1	1	0.862068966	1	0.59504857	0	0.081196581	0	0.75
0.19841461	0.65028565	0.860036326	0.471628315	0.584115018	0.405584142	1	1	1	1	0.793103448	0.744680851	0.479348164	0.139455782	0.004273504	0	0.999999996
0.028661205	0.35837983	0.298833903	0.449495251	0.659300496	0.067106906	1	1	1	1	1	1	0.391602671	0	0.004273504	0	0.75
0.19841461	0.551044699	0.468174832	0.524512195	0.583089362	0.470151662	0.909090909	1	1	1	0.931034483	0.914893617	0.999999998	0.367346939	0	0	0.999999996
0.19841461	0.530050928	0.422296491	0.453591342	0.583263574	0.362869454	1	1	1	1	1	1	0.999999998	0	0	0	0.999999996
0.19841461	0.598230678	0.37909885	0.445798514	0.619740035	0.378765073	0.977272727	1	1	1	1	0.978723404	0.835110425	0.034013605	0.042735043	0	1
0.19841461	0.529987747	0.385085441	0.451000095	0.583533388	0.437190385	0.977272727	1	1	1	1	0.978723404	0.999999998	0.085034014	0.008547009	0	0.999999996
0.19841461	0.39937419	0.413869479	0.587545556	0.583281422	0.366449802	0.977272727	1	1	1	0.965517241	0.978723404	0.556227205	0.003401361	0.739316239	0	0.999999996
0.326430657	0.520501528	0.355185463	0.44920576	0.603338059	0.331695357	1	1	0.833333333	0.85	0.896551724	0.936170213	0.461360737	0.027210884	0.042735043	0	0.999999996
0.113421978	0.597993508	0.321971283	0.42747412	0.916122711	0.378765073	0.863636364	1	1	1	0.862068966	0.936170213	0.999999998	0.074829932	0	0	1
0.166349755	0.423512425	0.319790425	0.403882845	0.546014766	0.355964778	0.954545455	1	1	1	0.931034483	0.978723404	0.99340441	0.068027211	0	0	0.75
0.106193517	0.790052904	0.713686532	0.444428422	0.651512509	0.418285475	0.772727273	1	1	1	0.689655172	1	0.999999998	0.193877551	0.034188034	0	0.999999996
0.571405042	0.400828304	0.329650702	0.395615005	0.656632215	0.402721562	0.886363636	1	1	1	0.896551724	0.978723404	0.652898777	0.051020408	0.145299145	0	0.75
0.138186839	0.489677731	0.272907262	0.564092263	0.370754209	0.234681376	1	1	1	1	0.931034483	0.978723404	0.322596698	0.040816327	0	0	0.75
0.19841461	0.334198435	0.333151751	0.441034574	0.583250968	0.367559452	1	1	1	1	1	1	0.461360737	0	0.081196581	0	0.999999996
0.157718565	0.625869481	0.507161638	0.672333421	0.575243291	0.378765073	0.886363636	1	1	1	0.931034483	0.14893617	0.884299586	0	0.021367521	0	0.75
0.19841461	0.359891265	0.331038679	0.433614514	0.583049852	0.45808344	1	1	1	1	0.965517241	0.978723404	0.780147235	0.017006803	0.05982906	0	0.75
0.274775863	0.518748494	0.378883571	0.459202327	0.628276195	0.47021525	1	1	1	1	0.965517241	1	0.560294484	0.044217687	0.021367521	0	0.999999996
0.089366764	0.649520229	0.699305432	0.443649802	0.608934868	0.365209955	1	1	1	1	0.965517241	1	0.94214979	0.306122449	0.179487179	0	0.500000003
0.203633153	0.362373007	0.369800521	0.45109712	0.558047734	0.999999999	0.977272727	1	1	1	0.965517241	1	0.890073614	0	0.021367521	0	0.999999996
0.071301011	0.408165287	0.368676722	0.439912614	0.563858445	0.338013885	1	1	1	1	1	1	0.999999998	0	0.034188034	0	0.999999996
0.080648198	0.31937536	0.333814434	0.413087679	0.558219035	0.36594468	1	1	1	1	1	0.978723404	0.450368099	0.027210884	0.017094017	0	0.999999996
0.679435582	0.456443309	0.313258798	0.300153647	0.59777527	0.393709704	0.886363636	1	1	1	0.931034483	1	0.22096185	0.023809524	0.021367521	0	0.999999996
0.19841461	0.536710111	0.293326512	0.469013447	0.583292274	0.389016983	1	1	1	1	1	0.978723404	0.999999993	0	0.072649573	0	0.999999996
0.19841461	0.353868722	0.665122449	0.429887483	0.583798538	0.415957697	0.454545455	0.5	1	0.95	1	0.957446809	0.627349569	0.085034014	0.068376068	0	0.874999998
0.19841461	0.604571671	0.422311411	0.437055897	0.583630055	0.388042967	0.886363636	1	1	1	0.75862069	0.978723404	0.780147235	0.102040816	0.311965812	0	0.75
0.19841461	0.668784403	0.389048705	0.438741331	0.583255979	0.343404276	1	1	1	1	0.931034483	0.936170213	0.999999996	0	0	0	1
0.19841461	0.686266973	0.999999997	0.434312891	0.583106743	0.331531281	1	1	1	1	1	1	0.850280265	0	0	0	0.999999996
0.1954138	0.77988837	0.379909767	0.432951593	0.61536811	0.369123728	0.840909091	1	1	1	0.620689655	0.914893617	0.367791081	0.006802721	0	0	0.75
0.310716453	0.53736601	0.41900672	0.811018435	0.580861433	0.450774308	1	1	1	1	1	0.957446809	0.479348164	0.017006803	0.025641026	0.6	0.775
0.19841461	0.327473161	0.305704547	0.767483108	0.583235746	0.369713328	0.977272727	1	1	1	0.965517241	1	0.923051528	0	0.025641026	0	0.999999996
0.19841461	0.327388176	0.343691671	0.430852875	0.583256793	0.382505602	1	1	1	1	0.965517241	1	0.923051528	0	0	0	0.999999996
0.101326163	0.543082535	0.292078192	0.434729543	0.574073854	0.378765073	1	1	1	1	1	0.574468085	0.826449383	0.129251701	0.166666667	0	0.75
0.19841461	0.533866446	0.325567788	0.740784009	0.583544327	0.467863898	0.840909091	1	1	1	0.793103448	0.978723404	0.252280765	0	0	0	0.75
0.19841461	0.473692873	0.275590611	0.434102901	0.583185623	0.455455344	1	1	1	1	1	0.893617021	0.421497961	0	0	0	0.999999996
0.243626312	0.4589599	0.305713223	0.425425507	0.559792569	0.552298793	1	1	1	1	1	1	0.931296006	0	0.051282051	0	0.999999996
0.19841461	0.409192576	0.370420086	0.420858649	0.583249099	0.3478663	0.931818182	1	1	1	0.931034483	1	0.780147235	0.040816327	0	0	0.999999996
0.055435256	0.601631267	0.333846823	0.44739906	0.95925062	0.378765073	0.613636364	1	1	1	0.620689655	0.787234043	0.999999998	0.204081633	0	0	0.999999996
0.19841461	0.668219587	0.430668282	0.456097375	0.583666124	0.375876629	1	1	1	1	1	1	0.826449383	0	0	0	0.999999996
0.200858633	0.514980371	0.313503137	0.732020684	0.371486136	0.217162799	1	0.5	1	1	0.965517241	1	0.780147235	0	0.094017094	0	0.999999996
0.19841461	0.46677465	0.423546853	0.439697626	0.583367392	0.416754235	1	1	1	1	1	1	0.59504857	0.017006803	0.183760684	0	0.75
0.19841461	0.326809131	0.351631883	0.523222367	0.583077817	0.367472202	0.886363636	1	1	1	0.931034483	1	0.780147235	0	0.051282051	0	0.999999996
0.48025142	0.341150181	0.34819745	0.542177492	0.567093144	0.371335127	1	1	1	1	1	1	0.535887846	0.629251701	0	0	0.999999996
0.178338206	0.529140388	0.423804911	0.403195438	0.587274628	0.368808875	0.340909091	1	0.666666667	1	0.827586207	0.914893617	0.999999993	0.200680272	0.021367521	0	0.75
0.19841461	0.482139898	0.392838479	0.478406646	0.582876062	0.378765073	1	1	1	1	1	0.978723404	0.999999993	0.085034014	0	0	0.75
0.170788381	0.530039783	0.398935186	0.204319372	0.60274888	0.386153618	1	1	1	1	1	1	0.331024031	0.037414966	0.166666667	0	0.999999996
0.108686707	0.298565683	0.394131712	0.507368192	0.652826801	0.45119647	1	1	1	1	1	0.978723404	0.505331289	0.146258503	0.222222222	0	0.75
0.19841461	0.999999991	0.398436703	0.585541472	0.582977448	0.271062714	0.977272727	1	1	1	0.965517241	1	0.658348808	0.023809524	0	0	0.999999996
0.180268268	0.412693075	0.340001076	0.4414337	0.505076288	0.350440861	1	1	1	1	0.931034483	0.978723404	0.479348164	0	0	0	1
0.19841461	0.670399132	0.59278219	0.44484917	0.583411563	0.376909042	1	1	1	1	0.379310345	0.85106383	0.999999994	0.333333333	0.290598291	0	0.75
0.048821959	0.463341343	0.365338998	0.419124275	0.560064084	0.31835789	1	1	1	1	1	0.893617021	0.492140123	0	0	0	0.999999996
0.353624353	0.41877032	0.354122395	0.491629061	0.574606502	0.526757153	0.386363636	1	1	1	0.310344828	1	0.996372422	0	0.064102564	0	0.75
0.19841461	0.474470928	0.345219871	0.430852875	0.583214342	0.378765073	1	1	1	1	1	1	0.536037942	0	0	0	0.999999996
0.230142467	0.536633699	0.589920739	0.454015207	0.800691503	0.515842487	0.977272727	1	1	1	0.965517241	0.978723404	0.494888283	0	0	0	0.75
0.069826539	0.518730779	0.401529467	0.468198872	0.657722087	0.37352343	0.977272727	1	1	0.85	0.896551724	0.978723404	0.94214979	0.034013605	0.008547009	0	0.75
0.083327565	0.586689404	0.348080336	0.480002486	0.636809423	0.352071652	0.772727273	1	0.833333333	1	0.931034483	0.872340426	0.780147235	0.193877551	0.017094017	0	0.999999996
0.19841461	0.332478427	0.318781743	0.777690774	0.583234903	0.33549508	1	1	1	1	1	1	0.132246945	0	0.068376068	0	0.75
0.19841461	0.350194771	0.345219871	0.560621764	0.583214342	0.378765073	1	1	1	1	1	1	0.446245731	0.006802721	0	0	0.999999996
0.143869423	0.648500979	0.329458541	0.439786169	0.595857555	0.362305183	0.840909091	1	1	1	0.75862069	0.595744681	0.780147235	0.56122449	0.004273504	0	0.999999996
0.19841461	0.418315604	0.334196162	0.435995405	0.583077601	0.373150828	1	1	1	1	1	1	0.999999998	0	0.226495726	0	0.999999996
0.19841461	0.629802161	0.398819764	0.440769419	0.583344447	0.370512926	1	1	1	1	1	1	0.999999993	0	0.47008547	0	0.999999996
0.032755608	0.35031986	0.293397292	0.4215916	0.758911271	0.378765073	0.954545455	1	1	1	0.965517241	1	0.896669197	0.013605442	0.102564103	0	0.999999996
0.060429273	0.582161768	0.436000075	0.428826444	0.655346552	0.375598042	0.727272727	0.5	1	1	0.517241379	0.893617021	0.56783276	0.095238095	0	0	1
0.19841461	0.464920376	0.453085799	0.442011275	0.583471477	0.626570994	0.977272727	1	1	1	0.965517241	1	0.999999998	0.034013605	0.021367521	0	0.999999996
0.19841461	0.466710266	0.340905353	0.691195451	0.583290313	0.414377805	1	1	1	1	1	0.914893617	0.560294478	0.023809524	0.051282051	0	0.999999996
0.19841461	0.343539803	0.348235701	0.493896336	0.583141492	0.46336441	1	1	1	1	1	1	0.34593804	0.027210884	0	0	0.75
0.158203309	0.534664818	0.319898265	0.452260454	0.569737004	0.41062167	1	1	1	1	1	1	0.536037942	0	0	0	0.999999996
0.105830201	0.304161321	0.327530932	0.417680794	0.468127597	0.260489372	1	1	1	1	1	1	0.750137334	0.020408163	0.085470085	0	0.999999996
0.124620552	0.548531289	0.291458363	0.418776627	0.570850938	0.315580756	1	1	1	1	1	0.914893617	0.524175195	0.057823129	0.333333333	0	0.75
0.157914794	0.453536334	0.344052486	0.447558969	0.506666285	0.384226195	1	1	1	1	1	1	0.725184046	0.013605442	0.042735043	0	0.75
0.133080561	0.552610787	0.39517158	0.451154352	0.992120617	0.378765073	1	1	1	1	1	0.978723404	0.999999993	0.017006803	0.188034188	0	0.500000003
0.237521479	0.296356552	0.434684856	0.494473262	0.98909878	0.378765073	0.931818182	1	1	1	0.896551724	1	0.999999998	0	0.02991453	0.4	0.999999996
0.382189186	0.74075015	0.390464329	0.845926387	0.572438321	0.440185444	0.954545455	1	1	1	0.965517241	1	0.999999998	0.034013605	0.034188034	0	0.999999996
0.173018884	0.600262889	0.405278836	0.486254006	0.670197153	0.427557245	1	1	1	0.9	0.862068966	1	0.534165241	0.115646259	0.61965812	0	0.75
0.166284313	0.999999991	0.360022581	0.537815228	0.528053989	0.370574135	1	1	1	1	1	0.957446809	0.247947351	0.006802721	0.068376068	0	0.75
0.19841461	0.338207179	0.324958755	1	0.967877395	0.378765073	1	1	1	1	1	1	0.799933984	0	0.008547009	0	0.75
0.323650947	0.449375367	0.353899844	0.444653359	0.375086141	0.224278149	0.977272727	1	1	1	0.75862069	0.978723404	0.349565613	0.051020408	0.047008547	0	0.75
0.066362228	0.459460318	0.330216539	0.441563536	0.563150328	0.306693255	0.977272727	1	1	1	0.965517241	1	0.461360737	0.153061224	0.136752137	0	0.999999996
0.19841461	0.466693342	0.358339124	0.426205971	0.583815324	0.437764892	1	1	1	1	1	1	0.899886229	0.867346939	0	0	0.75
0.201826183	0.326829691	0.296423076	0.530421281	0.566844329	0.365472199	1	1	1	1	1	1	0.845773283	0	0.081196581	0	0.999999996
0.19841461	0.467280052	0.351648902	0.445784043	0.586607551	0.456352669	1	1	1	1	0.896551724	1	0.600042658	0	0	0	0.999999996
0.082178096	0.405796648	0.208008836	0.637261424	0.618321629	0.146513686	1	1	1	1	0.724137931	0.936170213	0.247947351	0	0.111111111	0	0.999999996
0.16784074	0.5271331	0.430686834	0.686452813	0.867863896	0.359668325	1	1	1	1	1	0.829787234	0.999999993	0	0	0	0.999999996
0.112278483	0.742020605	0.393094734	0.437416764	0.593453288	0.385818214	1	1	1	1	1	1	0.999999993	0.054421769	0.239316239	0.2	0.75
0.19841461	0.534941861	0.571946374	0.264453646	0.583339602	0.378765073	1	1	1	1	1	1	0.648235581	0	0.008547009	0	0.999999996
0.19841461	0.321948677	0.42246665	0.442541146	0.680160968	0.413776635	1	1	1	1	1	1	0.999999998	0	0.051282051	0	0.999999996
0.114300529	0.405412296	0.351096925	0.408707477	0.580937197	0.351956229	1	1	0.833333333	1	0.896551724	0.914893617	0.572386386	0.010204082	0.051282051	0	0.75
0.140656981	0.361395187	0.462027329	0.785535422	0.604349304	0.355767651	1	1	1	1	1	0.936170213	0.999999993	0.119047619	0.576923077	0	0.75
0.107463669	0.400490972	0.343582745	0.456265683	0.605390466	0.378765073	0.977272727	1	0.833333333	1	0.965517241	1	0.298779623	0.085034014	0.008547009	0	0.999999996
0.189891541	0.729298003	0.386976276	0.465348393	0.731861201	0.457506313	1	1	1	1	1	1	0.458973262	0.010204082	0.064102564	0	0.999999996
0.19841461	0.69185909	0.376276962	0.450558221	0.583444526	0.361825554	0.909090909	1	1	1	0.965517241	0.957446809	0.999999993	0.12585034	0.397435897	0	0.75
0.19841461	0.46325064	0.352185322	0.53661305	0.583315919	0.725646065	1	1	1	1	1	1	0.670220857	0.023809524	0	0	0.999999996
0.094497567	0.647434752	0.464764631	0.317556813	0.576497856	0.334888233	0.931818182	0.5	1	1	0.896551724	1	0.705880257	0.234693878	0	0.6	0.75
0.552166125	0.32561178	0.480460291	0.426272006	0.461246631	0.378765073	1	1	1	1	1	0.957446809	0.307903513	0.010204082	0.004273504	0	0.999999996
0.159011439	0.320568664	0.334304861	0.474068889	0.572151561	0.336494351	1	1	0.5	0.65	0.724137931	0.978723404	0.999999998	0.054421769	0.004273504	0	0.999999996
0.219690294	0.37970661	0.437753476	0.458911243	0.559869783	0.378765073	0.977272727	1	1	1	1	1	0.780147235	0.013605442	0.004273504	0	0.999999996
0.415765841	0.547327789	0.567727654	0.811310586	0.567891308	0.378765073	1	1	0.833333333	1	1	1	0.76859918	0.18707483	0.047008547	0	0.75
0.181707432	0.451340751	0.375384318	0.455743542	0.594455529	0.385589268	0.977272727	1	0.666666667	1	0.724137931	1	0.833901235	0.020408163	0.064102564	0	0.999999996
0.19841461	0.46863688	0.34605887	0.492817662	0.58264353	0.162491795	1	1	1	1	1	0.978723404	0.670220857	0	0.055555556	0	0.999999996
0.213662868	0.604904698	0.595301517	0.538852645	0.660112006	0.463679527	1	0.5	1	0.95	0.931034483	0.914893617	0.999999998	0.068027211	0	0	0.999999996
0.063732688	0.51372422	0.416478129	0.447889098	0.673862081	0.383577097	1	1	1	1	0.965517241	0.936170213	0.826449383	0.06462585	0.222222222	0	0.75
0.130359499	0.341194201	0.342518005	0.460215808	0.562067268	0.378765073	1	1	1	1	1	1	0.560294478	0	0.076923077	0	0.999999996
0.077251989	0.518118622	0.394210797	0.455093693	0.596004579	0.338194845	0.931818182	1	1	0.95	0.931034483	1	0.718588463	0.255102041	0.085470085	0	0.75
0.250269593	0.65479635	0.63364746	0.453618066	0.596784282	0.345939352	0.795454545	1	1	1	0.862068966	0.957446809	0.999999993	0.108843537	0.038461538	0	0.999999996
0.19841461	0.466344168	0.331693148	0.435376614	0.583379606	0.35810871	1	1	0.833333333	1	1	1	0.999999998	0	0.094017094	0	0.999999996
0.087301354	0.652860045	0.473654252	0.43964953	0.608440974	0.365112922	0.977272727	1	1	1	1	0.574468085	0.461360737	0.163265306	0	0	0.75
0.195444756	0.355109079	0.630585957	0.480240165	0.577989977	0.341620074	1	1	1	1	1	1	0.536037942	0	0	0	0.999999996
0.19841461	0.341200461	0.341827294	0.367359322	0.583417075	0.403582801	1	1	0.666666667	1	0.965517241	1	0.615257668	0	0.021367521	0	0.75
0	0.551639993	0.34043342	0.385098307	0.583278118	0.534394156	1	1	1	1	1	1	0.808288389	0.006802721	0.05982906	0	0.999999996
0.12275591	0.603181831	0.323461041	0.44911021	0.570394056	0.378765073	1	1	0.666666667	1	1	0.936170213	0.554578307	0.037414966	0	0	0.75
0.19841461	0.86076114	0.341505043	0.316648504	0.298216624	0.273353587	0.954545455	1	1	1	0.965517241	0.978723404	0.849290928	0	0.017094017	0	0.999999996
0.234300918	0.412079528	0.390645579	0.494423451	0.561411266	0.902369968	1	1	1	1	1	1	0.794589278	0	0.055555556	0	0.75
0.607810363	0.007029166	0.382433278	0.431337695	0.559804289	0.46918284	0.977272727	1	1	1	1	1	0.461360737	0.034013605	0.072649573	0	1
0.090241685	0.121261653	0.403970896	0.460276074	0.574869956	0.324328221	1	1	1	1	1	0.978723404	0.421497961	0	0.08974359	0	0.75
0.135862443	0.999999991	0.291177553	0.454331431	0.620711202	0.336773306	1	1	1	1	1	0.978723404	0.920303368	0.047619048	0.012820513	0	0.75
0.133861624	0.390757753	0.361770248	0.407879217	0.560363997	0.346026242	0.954545455	1	1	1	0.965517241	1	0.450368099	0.06462585	0	0	0.999999996
0.19841461	0.341245348	0.316196452	0.27936261	0.582646863	0.33709902	0.954545455	1	1	1	0.931034483	1	0.461360742	0.013605442	0.072649573	0	0.75
0.13583771	0.687093207	0.452395696	0.441713427	0.644412333	0.378765073	0.977272727	1	1	0.95	0.965517241	0.744680851	0.999999993	0.306122449	0.017094017	0	0.75
0.107406967	0.79164725	0.861556702	0.480150447	0.636409318	0.388857193	0.954545455	1	1	1	0.896551724	0.957446809	0.423777016	0.306122449	0.41025641	0	0.75
0.763770334	0.530034559	0.330665856	1	0.566182715	0.971217795	1	1	1	1	1	0.978723404	0.510937534	0	0.025641026	0	0.75
0.19841461	0.641964112	0.645004103	0.43571088	0.583116946	0.361696918	1	1	1	1	1	1	0.999999998	0.292517007	0.192307692	0	0.999999996
0.19841461	0.54166732	0.388977162	0.471835227	0.583248695	0.432403661	1	1	1	1	1	0.829787234	0.780147235	0.006802721	0.02991453	0	0.999999996
0.124855364	0.334573243	0.370229291	0.457624252	0.588832534	0.356364536	1	1	1	1	0.965517241	1	0.421497961	0.020408163	0.051282051	0	0.75
0.19841461	0.481236382	0.490599996	0.415553165	0.583054928	0.337142475	1	1	1	1	1	1	0.560294484	0	0.11965812	0	0.999999996
0.455071074	0.468226868	0.292248935	0.491710803	0.570427373	0.509472729	1	1	1	1	1	0.659574468	0.999999993	0.085034014	0.047008547	0	0.999999996
0.099755873	0.455940516	0.349769821	0.440641799	0.596111751	0.343040894	1	1	1	1	1	1	0.421497961	0.023809524	0.196581197	0	0.75
0.19841461	0.826155829	0.999999992	0.43458921	0.583262532	0.357074306	0.590909091	1	1	1	0.689655172	0.936170213	0.999999993	0.224489796	0.405982906	0	0.999999996
0.19841461	0.623239173	0.428730193	0.44889664	0.583424683	0.354946829	0.954545455	1	1	1	0.965517241	1	0.025144024	0.193877551	0.068376068	0	0.75
0.125852378	0.31301795	0.377921533	0.454728239	0.560371311	0.356141271	1	1	1	1	1	1	0.305797555	0.085034014	0.008547009	0	0.75
0.999999991	0.395753847	0.458022655	0.430852875	0.999999998	0.378765073	1	1	1	1	1	1	0.421497964	0.037414966	0.072649573	0	0.75
0.113161232	0.527354762	0.527417698	0.442418735	0.610555944	0.376751615	1	1	1	1	1	0.957446809	0.4315616	0.030612245	0.183760684	0	0.75
0.258397406	0.326989329	0.341414455	0.46677899	0.560418094	0.432664828	1	0.5	1	1	0.965517241	1	0.363746113	0	0	0.2	0.75
0.059956223	0.705261837	0.856297521	0.743692972	0.570632762	0.319088081	1	1	0.833333333	1	0.931034483	1	0.768599184	0.098639456	0.111111111	0	0.1937046
0.146708842	0.372796187	0.358323876	0.639680407	0.568308388	0.381421062	1	1	1	1	1	0.978723404	0.536037942	0	0.042735043	0	0.75
0.099654776	0.386413634	0.299422056	0.439984621	0.362845314	0.216620121	1	1	1	1	1	0.914893617	0.421497961	0.051020408	0.111111111	0	0.725
0.105377346	0.525091584	0.344678357	0.458690115	0.61352172	0.347993483	1	1	1	1	1	0.957446809	0.363647758	0.112244898	0.098290598	0	0.75
0.20742954	0.54606163	0.409147732	0.335934031	0.564174345	0.326623879	1	1	1	1	1	1	0.535887846	0.119047619	0.064102564	0	0.75
0.19841461	0.472202297	0.31307551	0.393433742	0.583018162	0.333721507	1	1	1	1	1	0.978723404	0.290864924	0.003401361	0.166666667	0	0.525000003
0.214361118	0.38855869	0.405333321	0.393801743	0.588907478	0.307413002	0.886363636	1	1	1	0.931034483	1	0.548312507	0.136054422	0.098290598	0.6	0.75
0.19841461	0.411291206	0.378958545	0.414737695	0.583067912	0.378765073	1	1	1	1	1	1	0.672529311	0	0.055555556	0	0.999999996
0.19841461	0.404512668	0.300060418	0.474158039	0.58310911	0.355430326	1	1	1	1	1	1	0.536037942	0	0.102564103	0	0.75
0.19841461	0.607635904	0.321225758	0.58307007	0.583065107	0.297094991	0.75	1	1	1	0.689655172	1	0.395404913	0.047619048	0.012820513	0	0.999999996
0.286800046	0.356934258	0.465390424	0.450928857	0.559644705	0.35003159	0.977272727	1	1	1	1	0.914893617	0.450368099	0.068027211	0.02991453	0	0.999999996
0.144665973	0.55606784	0.392451225	0.411562274	0.558532391	0.369744673	0.886363636	1	1	1	0.931034483	1	0.999999993	0.088435374	0	0	0.75
0.132620837	0.48402188	0.388326442	0.444875675	0.561004846	0.37275781	1	1	1	1	0.896551724	0.765957447	0.999999998	0	0	0	0.999999996
0.19841461	0.326650257	0.355480213	0.471420112	0.598604304	0.282939663	1	1	1	1	1	0.978723404	0.890073614	0.006802721	0	0	0.999999996
0.19841461	0.66442277	0.430258728	0.473038715	0.58332466	0.379442002	1	1	1	1	1	0.957446809	0.999999998	0.054421769	0	0	0.75
0.19841461	0.617655186	0.41283858	0.440396673	0.584225614	0.378765073	1	1	1	1	0.965517241	0.765957447	0.999999998	0.010204082	0.324786325	0	0.75
0.056154591	0.420686041	0.34932106	0.470685911	0.561539964	0.318076853	1	1	1	1	1	0.978723404	0.45445819	0.006802721	0.132478632	0	0.75
0.19841461	0.343429489	0.193821491	0.085920608	0.583036137	0.353630467	0.318181818	1	0.833333333	1	0.793103448	1	0.645047716	0	0.170940171	0	0.999999996
0.169842725	0.405152863	0.336148401	0.525706078	0.489487203	0.676048732	0.886363636	1	1	1	0.862068966	1	0.771792831	0	0.008547009	0	0.75
0.256549846	0.524193768	0.354126961	0.63749524	0.633383426	0.461684339	0.409090909	1	0.833333333	1	0.551724138	1	0.44223355	0.017006803	0.051282051	0	0.999999996
0.19841461	0.326435928	0.371236977	0.434864547	0.583088859	0.386587612	1	1	1	1	0.793103448	1	0.643948452	0.027210884	0	0	0.774999999
0.057227378	0.648431626	0.312902325	0.381230361	0.567338426	0.296142066	0.977272727	1	1	1	1	1	0.999999993	0.091836735	0.551282051	0	0.75
0.19841461	0.596805846	0.357132529	0.446466868	0.583203243	0.516670379	0.886363636	1	1	0.8	1	0.787234043	0.999999993	0.12585034	0	0	0.999999996
0.090083625	0.855682566	0.350806472	0.400979696	0.579259766	0.307500695	1	1	1	1	1	1	0.583653295	0.054421769	0.038461538	0	0.75
0.19841461	0.559302113	0.566027315	0.544487262	0.584167624	0.411435905	1	1	1	1	1	1	0.391447563	0.010204082	0.038461538	0	0.75
0.194369919	0.460193655	0.332340747	0.487407896	0.573193456	0.388419787	1	1	0.833333333	1	1	0.936170213	0.421497961	0.119047619	0.085470085	0.2	1
0.19841461	0.401128642	0.276543831	0.448281168	0.583164262	0.516311085	0.795454545	1	0.833333333	0.95	0.827586207	0.212765957	0.999999998	0.054421769	0.012820513	0	0.999999996
0.20683889	0.325851331	0.318039612	0.418504015	0.588599832	0.464880469	1	1	1	1	1	0.978723404	0.34593804	0.095238095	0.141025641	0	0.75
0.089369221	0.393490454	0.248051457	0.4927876	0.463367118	0.295630752	1	1	1	1	1	0.957446809	0.652898774	0.003401361	0.205128205	0	0.75
0.090268381	0.316617693	0.294659237	0.464169306	0.724586819	0.143188515	1	1	1	1	1	1	0.560294478	0.010204082	0.042735043	0	0.999999996
0.135094729	0.728456993	0.368462734	0.388366211	0.536292049	0.355986125	0.954545455	1	1	1	1	0.872340426	0.479348164	0.023809524	0.209401709	0	0.75
0.19841461	0.464636261	0.316579646	0.414629445	0.583082178	0.33457601	1	1	1	1	1	1	0.999999993	0.153061224	0.196581197	0	0.75
0.19841461	0.545432059	0.283510431	0.482357498	0.582868198	0.461126596	1	1	1	1	1	0.914893617	0.94214979	0.030612245	0.051282051	0	0.75
0.247986611	0.328546094	0.355512254	0.400959977	0.559228373	0.413158406	0.931818182	1	1	1	0.965517241	1	0.576783435	0.040816327	0	0	0.999999996
0.175020174	0.472895317	0.346465712	0.454840396	0.587301591	0.449083811	0.909090909	1	1	1	0.896551724	0.978723404	0.771353125	0.003401361	0.021367521	0	0.75
0.19841461	0.31788217	0.330223088	0.572899875	0.583080113	0.558291428	1	1	1	1	1	1	0.835110425	0	0	0	0.999999996
0.19841461	0.803122389	0.897581774	0.452970054	0.583315063	0.356624759	0.636363636	1	1	1	0.862068966	0.617021277	0.999999993	0.428571429	0	0.2	0.999999996
0.106599031	0.336742649	0.285052678	0.432692164	0.558887144	0.275928214	1	1	1	1	1	1	0.340441721	0	0.038461538	0	0.999999996
0.225555164	0.326281449	0.455468902	0.408299731	0.720001394	0.29409359	1	1	1	1	1	1	0.392918086	0.044217687	0.034188034	0	0.75
0.12709573	0.33539371	0.369748107	0.457681733	0.562348907	0.37805709	0.977272727	1	0.833333333	1	0.965517241	1	0.505331289	0.013605442	0	0	0.999999996
0.273075823	0.342715775	0.350288301	0.479789708	0.624121145	0.440558451	1	1	1	1	1	1	0.88018024	0	0	0	0.75
0.19841461	0.386671279	0.444448834	0.460916562	0.999999998	0.362142792	0.931818182	1	1	1	1	1	0.922282043	0	0.098290598	0	0.75
0.487043628	0.163368562	0.38670989	0.802540578	0.558170945	0.606421633	1	1	1	1	1	1	0.233788394	0.034013605	0.072649573	0	0.999999996
0.19841461	0.600858805	0.209379909	0.437606521	0.582558489	0.259868755	1	1	1	0.95	0.965517241	0.978723404	0.537198367	0	0.047008547	0.8	0.75
0.446897428	0.424640151	0.357180678	0.437348319	0.567107163	0.371507069	0.977272727	0.5	1	1	1	1	0.450368099	0	0	0	1
0.19841461	0.533224863	0.464857147	0.494373565	0.583333565	0.393121238	0.977272727	1	0.166666667	1	0.965517241	1	0.826449383	0.136054422	0.004273504	0	0.75
0.039224514	0.628374106	0.999999992	0.424572582	0.384097744	0.378765073	1	1	1	0.85	0.965517241	0.978723404	0.999999993	0.06122449	0.021367521	0	0.75
0.19841461	0.343620763	0.295235823	0.40056611	0.583178025	0.326907487	1	1	1	1	1	1	0.989007355	0.06462585	0	0.2	0.999999996
0.116293838	0.31482956	0.382344813	0.501917397	0.714494237	0.484970868	1	1	1	1	1	1	0.463669191	0	0	0	0.999999996
0.300059929	0.415784107	0.534446698	0.426031995	0.839079961	0.378765073	0.909090909	1	1	1	0.896551724	0.978723404	0.536037942	0.272108844	0.098290598	0	0.75
0.19841461	0.66723472	0.45635694	0.450938318	0.583183572	0.367720694	1	1	1	1	1	0.957446809	0.487912397	0.034013605	0.128205128	0	0.75
0.006127324	0.477657836	0.294851765	0.689014255	0.772887045	0.148417598	1	1	1	1	1	0.957446809	0.445641351	0.119047619	0.021367521	0	0.75
0.110059643	0.409229407	0.359610234	0.4904182	0.56597814	0.338636801	1	1	1	1	1	1	0.54930184	0	0.021367521	0	0.75
0.741079011	0.408999379	0.382221336	0.703595584	0.878266434	0.896427797	1	1	0.833333333	1	1	0.85106383	0.516323927	0.163265306	0.081196581	0	0.75
0.19841461	0.333746538	0.326075887	0.440383947	0.583051683	0.418053054	1	1	1	1	1	1	0.958557748	0.017006803	0.025641026	0	0.999999996
0.198163694	0.807671933	0.938016239	0.462598459	0.547811093	0.378765073	0.363636364	1	1	1	0.413793103	0.276595745	0.999999993	0.268707483	0	0	0.849999999
0.087821398	0.481369683	0.364774887	0.451221806	0.207433319	0.191817521	1	1	1	1	1	1	0.94214979	0.017006803	0.055555556	0	0.75
0.050449473	0.447548431	0.348417223	0.433283082	0.631057969	0.370271829	0.840909091	1	0.666666667	1	0.75862069	0.957446809	0.998351097	0	0.444444444	0	0.75
0.106254396	0.603206234	0.314993242	0.438264384	0.576320314	0.378765073	0.909090909	0.5	1	0.95	0.862068966	1	0.999999998	0.051020408	0	0	0.999999996
0.070523526	0.777698415	0.334585284	0.890233734	0.634798313	0.406062574	1	1	1	1	1	1	0.999999998	0	0.064102564	0	0.75
0.203601481	0.655153414	0.468942853	0.463552348	0.577204809	0.385908833	1	1	1	1	1	0.659574468	0.999999993	0.006802721	0.311965812	0	0.75
0.31052115	0.372467238	0.455140635	0.461503573	0.656524601	0.396687162	0.977272727	1	1	1	0.965517241	0.914893617	0.406397548	0.003401361	0.064102564	0	0.75
0.11666872	0.348936534	0.414204605	0.468730277	0.663931502	0.348818588	0.909090909	1	0.666666667	1	0.551724138	0.978723404	0.826449383	0.010204082	0.08974359	0	0.250000006
0.144804277	0.781061763	0.349121456	0.45438265	0.623333666	0.341205162	0.75	1	1	1	0.655172414	0.765957447	0.999999993	0.853741497	0.025641026	0	0.999999996
0.720852729	0.584428952	0.420704244	0.461418682	0.67770089	0.422275789	0.863636364	0.5	1	1	0.896551724	1	0.999999998	0.068027211	0	0	0.75
0.27654657	0.4575359	0.486081638	0.435749756	0.559504646	0.328737816	1	1	1	1	1	1	0.472353375	0.023809524	0.055555556	0	0.75
0.19841461	0.732814254	0.373434512	0.423294191	0.583184926	0.394549201	0.931818182	1	0.833333333	1	0.931034483	1	0.400351601	0.115646259	0.354700855	0	0.75
0.19841461	0.841727452	0.575031377	0.49067659	0.58346468	0.385512783	0.977272727	1	1	1	1	0.70212766	0.421497961	0.323129252	0.038461538	0	0.75
0.366545682	0.464962394	0.340450004	0.429310102	0.558056395	0.806645036	1	1	1	1	1	1	0.265546592	0	0.008547009	0	0.75
0.111696137	0.721715371	0.583762022	0.457075428	0.618471044	0.374354132	1	0.5	1	0.95	0.931034483	1	0.650434109	0	0.209401709	0	0.999999996
0.389544393	0.530859594	0.417954318	0.437039804	0.76536027	0.473377692	1	1	1	1	1	1	0.6078926	0	0.055555556	0	0.75
0.19841461	0.542456183	0.423069616	0.41191967	0.583072292	0.316935094	0.954545455	1	1	1	0.931034483	0.872340426	0.670220857	0.170068027	0.337606838	0	0.75
0.366886857	0.503626137	0.346513965	0.480063735	0.565970814	0.378765073	1	1	1	1	1	0.978723404	0.999999993	0.108843537	0.098290598	0	0.75
0.063642668	0.395811194	0.362577772	0.475662468	0.401328071	0.202633553	1	1	1	1	1	1	0.670220857	0	0.115384615	0	0.999999996
0.19841461	0.471484874	0.401384561	0.451603533	0.584315235	0.431814283	1	1	1	1	1	1	0.538968761	0.047619048	0.004273504	0	0.75
0.19841461	0.463529429	0.436513192	0.47888954	0.583123857	0.35680832	1	1	1	1	1	0.978723404	0.999999998	0	0	0	0.999999996
0.255814072	0.391645029	0.346930411	0.489017177	0.584989815	0.413293018	0.977272727	1	1	1	1	1	0.725184046	0	0.05982906	0	0.75
0.218745551	0.332458275	0.40165	0.386149155	0.617339243	0.405340355	1	1	1	1	1	0.978723404	0.391790375	0.074829932	0.012820513	0	0.825000004
0.19841461	0.601576955	0.312506788	0.430303819	0.999999998	0.30252448	1	1	1	1	1	1	0.132241159	0	0.034188034	0	1
0.19841461	0.341178612	0.345303094	0.464939454	0.583084109	0.378765073	1	1	1	1	1	1	0.945036803	0.047619048	0.021367521	0	0.999999996
0.19841461	0.326590931	0.302157353	0.452513639	0.583214342	0.999999999	1	1	1	1	1	1	0.369242432	0	0	0	0.999999996
0.198404352	0.812929098	0.336680955	0.452969155	0.925639436	0.378765073	0.886363636	1	0.833333333	1	1	0.829787234	0.999999993	0.034013605	0.833333333	0	0.75
0.252710972	0.593921535	0.514555915	0.464285904	0.559756964	0.436674588	0.977272727	1	1	1	1	0.978723404	0.615863192	0.034013605	0.282051282	0	0.75
0.242303758	0.390597101	0.43638801	0.61512265	0.999999998	0.378765073	1	1	1	1	1	1	0.287116039	0.013605442	0.136752137	0	0.75
0.266464457	0.39750398	0.329050335	0.590771013	0.490211022	0.293761446	0.977272727	0.5	1	1	0.965517241	0.936170213	0.418827979	0	0	0	0.75
0.19841461	0.326956639	0.373031693	0.530577427	0.58368291	0.541454992	1	1	1	1	1	0.978723404	0.230517632	0.010204082	0.051282051	0	0.75
0.137401806	0.999999991	0.402538341	0.455052217	0.614708683	0.376304652	0.909090909	1	1	1	1	1	0.94214979	0	0.478632479	0	0.75
0.19841461	0.597495706	0.315376759	0.432509754	0.583141191	0.385386244	1	1	1	1	0.965517241	1	0.461360737	0	0	0	0.999999996
0.19841461	0.314825093	0.360203382	0.411770554	0.596030704	0.484043076	0.931818182	1	1	1	0.965517241	1	0.482026898	0	0.025641026	0	1
0.19841461	0.468017836	0.297878149	0.277701632	0.583059927	0.30687886	1	1	1	1	1	1	0.989556987	0	0.213675214	0	0.999999996
0.19841461	0.369605701	0.412168301	0.430852875	0.583854849	0.413340105	1	1	1	1	1	0.85106383	0.618885092	0	0	0	0.999999996
0.095011167	0.818030065	0.999999992	0.191744337	0.531534603	0.325768843	1	1	1	1	1	1	0.560294478	0	0	0	0.999999996
0.0776856	0.33087041	0.403737046	0.461595884	0.545239162	0.300859639	1	1	1	1	0.862068966	1	0.999560287	0	0	0	0.999999996
0.174245305	0.612650741	0.352265443	0.434312793	0.596101665	0.356802945	0.909090909	1	1	1	0.965517241	1	0.193909858	0.200680272	0.042735043	0	0.999999996
0.198270881	0.397319534	0.429429675	0.443936851	0.581312314	0.421415752	0.863636364	1	1	1	0.827586207	1	0.521490466	0	0.038461538	0	0.75
0.036961796	0.667912522	0.323104942	0.34122081	0.519882479	0.301187344	1	1	1	1	1	0.936170213	0.999999993	0.006802721	0.068376068	0	0.999999996
0.19841461	0.881342233	0.999999992	0.463401157	0.58310129	0.319735408	0.931818182	1	1	1	0.896551724	0.127659574	0.82554683	0.085034014	0	0	0.999999997
0.122236918	0.320283667	0.33483816	0.449442741	0.603983446	0.339401672	1	1	1	1	1	1	0.652898774	0.142857143	0.115384615	0	0.75
0.19841461	0.474867432	0.319375367	0.398423946	0.583213517	0.343252435	0.954545455	1	1	1	0.965517241	0.978723404	0.307980615	0.095238095	0.012820513	0	0.75
0.111615609	0.384697806	0.383083319	0.483001875	0.629244978	0.367903709	1	1	1	1	1	1	0.73782558	0.068027211	0.175213675	0	0.999999996
0.19841461	0.675417945	0.999999992	0.516791101	0.583017215	0.378765073	1	1	1	1	1	0.787234043	0.461360737	0	0	0	0.999999996
0.19841461	0.531491628	0.361638928	0.427466051	0.583266754	0.533610465	0.931818182	1	1	1	0.965517241	0.957446809	0.725184048	0.030612245	0.153846154	0	0.75
0.123877276	0.21016124	0.394646165	0.461523198	0.59995623	0.353380236	1	1	1	1	1	1	0.755853506	0.003401361	0.072649573	0	0.999999996
0.264852644	0.34610496	0.397273692	0.441443048	0.564193219	0.509972755	1	1	1	1	1	1	0.590304379	0	0	0	0.75
0.136206211	0.766461687	0.551576569	0.44798564	0.647516821	0.430433187	0.795454545	1	1	1	0.931034483	1	0.442690554	0.010204082	0.094017094	0	0.75
0.101471676	0.591700585	0.694777313	0.425672396	0.576792237	0.321924289	0.886363636	1	0.833333333	1	0.862068966	0.957446809	0.595048574	0.054421769	0.192307692	0	0.750000001
0.160678106	0.80123915	0.851466653	0.451236125	0.538088964	0.378765073	1	1	0.833333333	1	0.586206897	0.106382979	0.96911068	0	0.021367521	0.4	0.75
0.21362033	0.543140346	0.177160655	0.466941975	0.504910739	0.290329878	1	1	1	1	0.724137931	0	0.999999993	0	0	0	0.999999996
0.059611755	0.381467336	0.666203267	0.526291688	0.674792467	0.411032906	1	1	1	1	1	1	0.363647758	0	0.123931624	0	0.999999996
0.19841461	0.420248488	0.586511751	0.812779694	0.583214342	0.135465559	1	1	1	1	1	1	0.056598407	0	0	0	0.999999996
0.530539231	0.93216584	0.332437842	0.450034918	0.570868735	0.474935115	1	1	1	1	1	0.70212766	0.989007355	0	0	0	0.75
0.006226277	0.347044638	0.416402151	0.38140343	0.431435039	0.237261332	0.840909091	1	1	1	0.862068966	1	0.999999998	0	0.004273504	0	0.999999996
0.19841461	0.332726195	0.367081767	0.465357357	0.582742041	0.113018636	1	1	1	1	0.896551724	0.978723404	0.536037942	0.003401361	0.081196581	0	0.75
0.075084019	0.741210176	0.832409888	0.450173524	0.639743949	0.377473762	0.886363636	1	1	0.95	0.931034483	0.70212766	0.999999993	0.12585034	0.61965812	0	0.75
0.192754801	0.653052616	0.869007996	0.418076036	0.58909502	0.586201007	1	1	1	1	0.896551724	0.425531915	0.206111686	0	0	0	0.999999996
0.253908657	0.401770451	0.113193735	0.433048094	0.47466942	0.684584705	1	1	0.833333333	1	1	0.787234043	0.479348164	0.020408163	0.076923077	0	0.250000006
0.661914161	0.512977502	0.488077988	0.433883632	0.564007494	0.41941833	1	1	1	1	1	0.978723404	0.528014786	0	0.034188034	0	0.750000001
0.382802114	0.34849336	0.528408365	0.467537663	0.707046789	0.194819885	1	1	1	1	1	1	0.999999998	0.18707483	0.02991453	0	0.999999996
0.231574293	0.5364754	0.373335267	0.45862595	0.59827122	0.43838073	1	1	1	1	1	1	0.76859918	0.027210884	0.196581197	0	0.75
0.196739843	0.465918484	0.367313925	0.44595654	0.564380002	0.378765073	0.909090909	1	1	1	0.965517241	1	0.945036803	0.003401361	0.042735043	0	0.75
0.19841461	0.327774467	0.329837113	0.450770551	0.583694546	0.389004104	0.636363636	1	1	1	0.517241379	1	0.54930184	0.040816327	0.064102564	0	0.999999996
0.049196907	0.520178903	0.43047694	0.404193945	0.485036611	0.23893729	1	1	1	1	0.482758621	0.978723404	0.593272392	0	0	0	0.999999996
0.210679162	0.437440543	0.373614623	0.488379419	0.567291937	0.463752554	0.977272727	1	1	1	1	0.872340426	0.339012678	0	0	0	0.75
0.190553704	0.546636576	0.688140106	0.425694063	0.570659999	0.308269553	1	1	0.833333333	1	1	0.893617021	0.826449383	0	0.692307692	1	0.750000001
0.339285821	0.307712448	0.348068279	0.414401333	0.570157967	0.373943544	0.977272727	1	1	1	1	1	0.557085697	0.030612245	0.051282051	0	0.75
0.212520433	0.55574221	0.337018311	0.92584396	0.594516692	0.388824546	1	1	1	1	1	0.978723404	0.233788394	0	0.085470085	0	0.999999996
0.177525108	0.339356196	0.405694831	0.432047692	0.559040616	0.425695619	1	1	1	1	0.965517241	0.957446809	0.247947351	0	0	0	0.999999996
0.105094192	0.41786405	0.383856834	0.44900327	0.560052898	0.378765073	0.840909091	1	0.833333333	1	0.896551724	0.936170213	0.999999998	0	0.141025641	0.4	0.999999996
0.166728427	0.733408244	0.360820425	0.413960003	0.556524954	0.394707296	1	1	1	1	1	1	0.890073614	0	0.025641026	0	0.999999996
0.139421122	0.421010194	0.40271399	0.425608107	0.577526355	0.378765073	1	1	1	1	0.827586207	1	0.793888033	0	0	0	0.999999996
0.322365863	0.308965805	0.394622191	0.384932552	0.640378727	0.442907803	1	1	1	1	1	1	0.999999993	0	0.051282051	0	0.999999996
0.081510308	0.32539808	0.332774912	0.502502255	0.566479579	0.295952925	0.954545455	1	1	1	0.965517241	0.978723404	0.461360737	0	0.064102564	0	0.999999996
0.19841461	0.801655625	1	0.46384731	0.583415061	0.347476786	0.159090909	1	1	0.95	0.275862069	0.978723404	0.999999993	0	0.038461538	0	0.75
0.191704898	0.647258395	0.999999992	0.432710161	0.703952356	0.467227843	0.977272727	1	1	1	1	0.957446809	0.999999993	0	0.14957265	0.4	0.750000001
0.19841461	0.599219939	0.579968644	0.439221528	0.583214342	0.189152983	1	1	1	1	0.896551724	1	0.999999998	0	0	0	0.999999996
0.154250012	0.525378613	0.55039799	0.401317307	0.580761538	0.378323586	0.954545455	1	1	0.75	0.655172414	0.957446809	0.305797555	0.020408163	0.158119658	0	0.999999996
0.107414442	0.556643337	0.568845512	0.432944831	0.670680564	0.396353588	1	1	1	1	1	0.978723404	0.999999998	0	0	0	0.999999996
0.116019911	0.314836959	0.35988515	0.460968738	0.559253443	0.380728288	1	1	1	1	1	1	0.997801465	0	0.025641026	0	0.999999996
0.19841461	0.396679607	0.368681882	0.461647071	0.583444184	0.341929261	0.977272727	1	1	1	0.965517241	0.978723404	0.99219522	0.074829932	0.111111111	0	0.75
0.19841461	0.377244139	0.999999992	0.536731535	0.999999998	0.378765073	1	1	1	1	1	0.978723404	0.999999998	0.170068027	0.017094017	0	0.999999996
0.070267128	0.341199863	0.308148107	0.430852875	0	0.136490124	0.795454545	1	1	1	1	0.936170213	0.999999998	0	0.064102564	0	0.999999996
0.406234052	0.275226612	0.240638733	0.646625255	0.455776302	0.271174811	1	1	1	1	1	0.957446809	0.59504857	0.088435374	0.02991453	0	0.75
0.19841461	0.349951335	0.339429641	0.430852875	0.583009903	0.378765073	1	1	1	1	1	1	0.450368099	0	0.02991453	0	0.75
0.19841461	0.465659372	0.334103542	0.429023535	0.611121344	0.378765073	1	1	1	1	1	1	0.44487178	0	0	0.6	0.999999996
0.19841461	0.339511743	0.32542086	0.495101237	0.583668351	0.401127312	0.977272727	1	0.166666667	1	0.931034483	1	0.422461601	0.006802721	0.034188034	0	0.75
0.160509798	0.555638383	0.336642191	0.161983944	0.246376276	0.281047552	1	1	1	1	1	1	0.479348164	0.013605442	0.102564103	0	0.75
5.70371E-05	0.456067725	0.297668789	0.467707796	0.600306357	0.115400227	1	1	1	1	1	1	0.94214979	0.051020408	0.081196581	0	0.999999996
0.19841461	0.799556499	0.999999998	0.415288079	0.5830649	0.30422644	0.795454545	1	1	0.95	0.827586207	0.872340426	0.652898774	0.207482993	0.094017094	0	0.75
0.369831726	0.474336511	0.380768309	0.441783767	0.477913439	0.38644683	0	1	0.833333333	0.9	0.310344828	0.829787234	0.826449383	0	0.05982906	0.2	0.75
0.357565962	0.473155368	0.343145817	0.468017452	0.558064161	0.552570599	1	1	1	1	1	1	0.528855537	0	0.02991453	0	0.999999996
0.134004573	0.589671938	0.648099641	0.421776306	0.59470531	0.340608823	1	1	1	1	0.586206897	0.936170213	0.999999993	0	0	0	0.999999996
0.367781212	0.558364064	0.403210202	0.453406169	0.694130846	0.463324529	1	1	1	1	1	1	0.999999998	0	0.076923077	0	0.999999996
0.125215718	0.741031727	0.806589286	0.447976103	0.610907981	0.378765073	1	1	1	1	1	0.85106383	0.871935762	0	0	0	1
0.098419274	0.461831451	0.383170991	0.351231089	0.57707425	0.344070285	0.977272727	1	1	0.25	0.586206897	1	0.516323927	0.057823129	0.004273504	0	0.999999996
0.144517835	0.779848513	0.613655531	1	0.624610024	0.370069714	0.522727273	1	0.5	0.9	0.551724138	0.978723404	0.788484261	0.153061224	0	0	0.999999996
0.19841461	0.663783452	0.602560518	0.45255679	0.971087348	0.167087853	1	1	1	0.95	1	1	0.999999998	0.081632653	0	0	0.999999996
0.19841461	0.341168867	0.348423346	0.44775894	0.583059447	0.29811794	1	1	1	1	1	1	0.536037942	0.023809524	0.034188034	0	0.999999996
